MASV,DM1,DM2,DM3,DTC
4351010011,8.0,8.88,9.18,26.06
4351010019,8.4,7.8,8.0,24.2
4351010029,8.9,7.2,8.7,24.8
4351010030,9.4,8.4,8.5,26.3
4351010037,8.56,8.1,8.42,25.08
4351010045,8.1,8.7,8.5,25.3
4351010047,8.0,7.72,7.58,23.3
4351010055,8.7,8.74,8.02,25.46
4351010109,8.9,7.8,7.7,24.4
4351010061,8.4,8.26,8.7,25.36
4351010108,8.8,7.4,8.6,24.8
4351010062,8.8,8.3,8.6,25.7
4351010105,8.9,8.2,7.8,24.9
4351010066,8.0,9.3,8.4,25.7
4351010070,8.48,8.96,9.08,26.52
4351010071,8.3,8.3,8.0,24.6
4351010074,8.7,9.34,9.02,27.06
4351010107,9.5,9.4,9.4,28.3
4351010079,8.2,7.92,8.12,24.24
4351010087,9.08,9.2,9.24,27.52
4351010090,9.22,8.92,8.96,27.1
4351010092,8.88,8.4,8.0,25.28
4351010118,9.3,9.2,9.5,28.0
4351010097,8.8,7.7,8.8,25.3
4351020002,8.2,8.6,8.7,25.5
4351020020,8.37,9.0,8.9,26.27
4351020021,8.5,8.8,8.6,25.9
4351050001,6.46,6.2,6.3,18.96
4351050004,6.98,6.92,7.12,21.02
4351050005,7.2,6.8,7.8,21.8
4351050008,8.8,8.75,9.05,26.6
4351050955,5.8,5.5,7.0,18.3
4351050956,8.4,7.8,7.9,24.1
4351050010,6.76,6.38,6.16,19.3
4351051090,6.3,6.3,7.2,19.8
4351050013,5.77,6.83,6.7,19.3
4351050958,6.4,6.9,8.1,21.4
4351050018,7.1,7.2,7.8,22.1
4351050022,6.1,8.1,6.7,20.9
4351050446,7.2,6.1,7.4,20.7
4351050025,7.12,6.08,5.72,18.92
4351050961,5.9,6.7,7.3,19.9
4351051091,5.0,6.0,5.6,16.6
4351051086,5.9,6.7,6.2,18.5
4351050030,7.1,6.96,6.76,20.82
4351050032,6.5,6.6,6.9,20.0
4351050035,8.02,7.82,9.14,24.98
4351050457,7.3,6.6,6.0,19.9
4351050038,6.94,7.66,7.76,22.36
4351050040,5.67,6.23,6.23,18.13
4351051085,6.9,6.3,7.0,20.2
4351050045,6.43,6.83,5.2,18.46
4351050456,8.4,7.0,6.9,23.0
4351050928,5.78,6.22,5.86,17.86
4351050054,6.9,6.56,8.64,22.1
4351050967,7.4,8.0,6.7,22.1
4351050057,9.0,7.9,7.8,24.7
4351050059,6.0,5.5,7.8,19.3
4351050406,7.2,7.3,6.9,21.4
4351050063,5.7,5.9,7.5,19.1
4351050065,6.86,6.32,7.32,20.5
4351050073,7.4,7.5,6.0,20.9
4351050075,6.9,6.9,8.2,22.0
4351050078,6.5,6.6,6.0,19.1
4351050080,6.36,6.76,7.4,20.52
4351050412,6.36,7.38,7.42,21.16
4351050087,8.07,6.37,6.23,20.67
4351050093,7.1,6.6,8.08,21.78
4351050940,7.7,8.0,8.6,24.3
4351050097,6.76,6.68,8.48,21.92
4351050100,7.6,7.1,7.6,22.3
4351050102,8.1,6.9,7.4,22.4
4351050414,6.6,7.1,6.67,20.37
4351050103,7.9,7.33,7.33,22.56
4351050946,5.4,6.6,7.0,19.0
4351050109,6.1,6.07,7.03,19.2
4351050113,7.37,6.57,7.97,21.91
4351050116,7.2,6.8,7.8,21.8
4351050117,6.5,7.6,6.63,20.73
4351050974,7.6,5.6,7.7,20.9
4351050121,6.68,7.0,7.16,20.84
4351050123,6.7,6.8,7.86,21.36
4351050129,7.08,7.42,7.54,22.04
4351050130,6.4,6.34,5.3,18.04
4351050415,6.8,6.8,6.1,19.7
4351050925,6.0,6.8,6.8,19.6
4351050132,5.77,7.23,5.17,18.17
4351050133,5.33,7.23,6.73,19.29
4351050134,7.0,7.5,8.2,22.7
4351050136,8.4,8.9,7.3,24.6
4351050416,6.4,7.8,7.2,21.4
4351050139,6.4,6.8,6.6,19.8
4351050141,7.77,6.0,6.83,20.6
4351051057,6.25,7.8,4.2,18.25
4351051088,7.0,5.6,5.4,18.0
4351050155,7.6,6.7,6.5,20.8
4351051094,7.7,6.5,6.1,20.3
4351050157,5.9,6.5,5.4,17.8
4351051058,5.75,6.4,5.2,16.91
4351050939,7.3,5.5,6.9,19.7
4351050159,6.5,5.4,7.0,18.9
4351050162,7.2,7.8,7.1,22.1
4351050418,7.0,6.4,6.8,20.2
4351050452,6.7,6.9,7.4,21.0
4351050419,7.2,7.9,7.9,23.0
4351050166,6.3,7.1,6.3,19.7
4351050171,6.5,6.9,6.4,19.8
4351050981,8.1,8.4,8.3,24.8
4351050421,7.0,6.8,7.1,20.9
4351050174,7.34,7.42,7.62,22.38
4351050175,6.6,7.6,7.0,21.2
4351050178,5.54,5.84,6.64,18.02
4351050182,7.24,6.88,7.38,21.5
4351050184,6.07,5.67,6.7,18.44
4351051093,8.4,5.9,6.7,21.0
4351050187,8.53,8.33,7.16,24.02
4351050189,8.0,7.4,7.8,23.2
4351051084,7.3,7.7,7.7,22.7
4351050192,6.6,7.8,7.5,21.9
4351050193,7.88,8.9,8.48,25.26
4351050422,7.0,5.8,6.1,18.9
4351050199,8.4,9.5,8.0,25.9
4351050449,8.3,8.3,8.2,24.8
4351050983,8.4,7.2,6.6,22.2
4351050207,5.7,6.74,6.54,18.98
4351050984,7.0,7.6,7.4,22.0
4351050210,5.76,6.04,6.34,18.14
4351051092,6.0,5.9,6.8,18.7
4351050211,5.8,6.7,6.3,18.8
4351050212,7.66,8.08,7.28,23.02
4351050985,8.4,7.7,7.9,24.0
4351050221,6.7,5.6,8.1,20.4
4351050227,8.23,8.2,7.8,24.23
4351050425,6.2,6.4,6.8,19.4
4351050228,5.8,6.3,6.6,18.7
4351050233,7.8,7.1,6.8,21.7
4351050234,7.62,6.0,6.36,19.98
4351050235,7.4,8.6,6.8,22.8
4351050238,5.52,5.26,7.28,18.06
4351050426,7.4,7.9,7.0,22.3
4351050239,6.38,6.66,7.94,20.98
4351050427,6.2,6.6,7.3,20.1
4351050428,5.8,6.2,7.7,19.7
4351050451,5.9,6.8,7.1,19.8
4351050244,7.8,7.8,7.5,23.1
4351050245,4.97,6.17,6.97,18.11
4351050246,7.16,7.48,7.38,22.02
4351050248,5.3,6.8,5.8,17.9
4351050454,7.0,5.5,7.6,20.1
4351050257,6.8,6.93,8.03,21.76
4351050447,6.9,7.1,7.2,21.45
4351050993,8.1,7.2,7.0,22.3
4351050263,6.5,6.2,7.1,19.8
4351050264,7.66,7.62,7.92,23.2
4351050271,7.9,7.8,7.3,23.0
4351050994,8.8,7.8,8.3,24.9
4351050274,6.8,7.3,7.6,21.7
4351050450,7.5,7.6,7.5,22.6
4351050276,6.78,7.04,6.58,20.4
4351050278,7.1,6.3,5.78,19.18
4351050997,9.0,7.4,7.5,23.9
4351050432,7.7,7.5,7.8,23.0
4351050998,8.6,8.2,7.1,23.9
4351050287,6.6,7.6,5.9,20.1
4351050954,7.7,6.9,7.6,22.2
4351050290,7.36,7.76,7.44,22.56
4351051076,5.5,6.2,4.0,15.7
4351050292,6.73,5.47,6.2,18.4
4351050293,5.73,6.43,6.17,18.33
4351050299,6.6,6.5,6.1,19.2
4351050300,8.5,8.8,7.3,24.6
4351050433,7.35,8.35,8.7,24.4
4351050304,6.7,6.4,6.53,19.63
4351050305,7.77,7.5,7.47,22.74
4351051001,7.1,6.4,7.4,20.9
4351050435,6.3,6.7,7.9,20.9
4351050309,6.98,5.78,5.92,18.68
4351051089,5.95,5.2,6.25,17.4
4351050314,6.84,6.58,7.62,21.04
4351050320,9.42,9.32,9.16,27.9
4351050321,6.9,6.72,7.0,20.62
4351050324,7.9,7.3,7.7,22.9
4351050327,7.26,7.0,7.14,21.4
4351050328,7.04,6.24,6.26,19.54
4351050453,7.2,6.4,7.2,20.8
4351051004,6.0,6.1,7.0,19.1
4351050440,6.5,6.2,7.2,19.9
4351050334,7.3,7.9,8.0,23.2
4351050335,7.57,6.7,7.23,21.5
4351050343,6.56,5.74,7.46,19.76
4351051006,8.5,8.5,8.7,25.7
4351050345,6.6,7.33,7.27,21.2
4351050404,6.8,5.8,7.0,19.6
4351050351,6.6,6.4,7.8,20.8
4351051007,7.3,7.6,7.3,22.2
4351050352,7.5,8.52,8.04,24.06
4351051080,6.5,6.4,3.4,16.3
4351050355,6.23,5.83,5.87,17.93
4351050363,8.4,8.6,8.7,25.7
4351050373,6.2,7.1,6.86,20.16
4351051009,7.3,7.9,6.4,21.6
4351050374,6.98,6.4,5.96,19.34
4351051081,7.0,5.8,3.6,16.4
4351050377,7.6,7.8,7.5,22.9
4351050381,6.5,6.7,7.4,20.6
4351050385,9.12,7.76,8.78,25.66
4351051012,7.5,6.3,6.6,20.4
4351050443,7.4,7.1,8.7,23.2
4351050389,7.0,7.5,7.4,21.9
4351050394,5.1,6.3,6.7,18.1
4351050395,6.6,5.3,6.54,18.44
4351051087,6.2,6.8,7.5,20.5
4351050397,6.76,6.14,6.62,19.52
4351050400,7.04,5.7,6.38,19.12
4351140002,7.9,7.67,8.7,24.27
4351140098,7.6,7.5,7.5,22.6
4351140014,8.9,8.3,8.2,25.4
4351140016,6.97,6.53,8.1,21.6
4351140021,7.5,8.1,7.5,23.1
4351140023,8.08,7.9,7.2,23.18
4351140024,8.03,8.33,9.17,25.53
4351140025,9.0,8.8,8.2,26.0
4351140092,6.7,8.2,7.9,22.8
4351140033,9.0,8.7,9.1,26.8
4351140095,7.9,6.5,6.2,20.6
4351140039,8.47,8.3,8.07,24.84
4351140040,7.37,7.9,7.33,22.6
4351140044,8.7,7.9,7.9,24.5
4351140048,8.9,9.37,9.03,27.3
4351140093,8.6,6.6,7.3,21.9
4351140053,9.1,9.2,9.0,27.3
4351140054,8.1,6.9,6.7,21.7
4351140056,9.0,7.9,7.9,24.8
4351140064,7.26,7.58,7.58,22.42
4351140067,7.5,7.9,7.4,22.8
4351140074,7.96,7.84,7.9,23.7
4351140078,8.8,8.56,8.2,25.56
4351140105,8.8,8.8,8.8,26.4
4351140079,9.16,9.3,8.7,27.16
4351140082,9.07,6.8,7.97,23.84
4351140083,8.94,8.54,8.14,25.62
4351140086,6.9,8.9,7.1,22.9
4351140087,8.4,8.0,8.48,24.88
4351140088,8.8,7.86,7.58,24.24
4351150009,9.13,8.8,8.27,26.2
4351160002,7.0,8.0,8.8,23.8
4351160263,6.7,7.0,8.5,22.2
4351160127,7.9,7.7,6.7,22.3
4351160128,6.6,7.0,7.4,21.0
4351160009,8.1,6.7,7.3,22.1
4351160013,7.9,7.3,6.7,21.9
4351160014,6.2,6.1,6.8,19.1
4351160015,6.83,7.77,5.07,19.67
4351160016,7.83,6.83,6.9,21.56
4351160017,6.72,6.12,5.66,18.5
4351160025,6.2,6.4,7.6,20.2
4351160273,7.4,6.8,6.4,20.6
4351160028,7.24,5.62,6.18,19.04
4351160030,6.7,6.8,6.72,20.22
4351160031,6.34,6.74,7.26,20.34
4351160033,6.76,8.55,8.45,23.76
4351160035,6.9,7.6,5.8,20.3
4351160036,7.1,6.6,7.8,21.5
4351160037,6.73,8.37,8.33,23.43
4351160038,6.5,7.9,9.1,23.5
4351160293,6.9,7.18,7.32,21.4
4351160043,8.0,8.8,7.9,24.7
4351160044,7.2,6.13,6.27,19.6
4351160046,6.7,7.2,8.5,22.4
4351160049,5.74,6.52,6.54,18.8
4351160053,6.7,7.9,7.1,21.7
4351160299,5.2,5.8,6.3,17.3
4351160296,7.2,7.5,7.0,21.7
4351160132,6.08,7.38,5.88,19.34
4351160058,6.33,6.0,5.97,18.3
4351160059,6.24,5.58,6.5,18.32
4351160063,7.9,7.7,7.6,23.2
4351160064,7.02,7.42,8.1,22.54
4351160065,6.8,7.7,8.1,22.6
4351160066,5.6,6.5,6.9,19.0
4351160264,7.4,7.6,8.1,23.1
4351160068,7.9,7.0,7.3,22.2
4351160265,8.0,7.9,8.0,23.9
4351160139,7.4,7.2,7.9,22.5
4351160072,6.2,6.0,6.0,18.2
4351160075,5.5,6.9,7.43,19.83
4351160079,8.6,7.9,7.7,24.2
4351160080,6.78,7.18,5.88,19.84
4351160297,7.4,6.75,6.0,20.15
4351160261,6.7,6.4,7.0,21.1
4351160300,5.0,7.0,6.9,18.9
4351160091,8.4,7.7,7.4,23.5
4351160140,7.0,7.0,7.4,21.4
4351160095,6.2,6.9,7.5,20.6
4351160100,5.73,6.33,6.2,18.26
4351160286,7.6,8.2,7.0,22.8
4351160110,6.78,6.1,6.08,18.96
4351160301,7.8,7.8,7.8,23.4
4351160141,6.18,5.9,8.4,20.48
4351160112,6.8,7.6,6.5,20.9
4351160287,5.3,6.3,6.6,18.2
4351160262,7.5,6.6,8.1,22.2
4351160113,6.9,7.1,8.1,22.1
4351160302,7.0,5.5,7.2,19.2
4351160116,6.5,7.0,8.43,21.93
4351160117,5.2,6.0,6.6,17.8
4351160118,6.2,7.12,5.72,19.04
4351160143,8.6,7.8,7.7,24.1
4351160123,8.1,7.6,7.6,23.3
4351160291,6.7,7.6,7.5,21.8
4351170001,7.4,6.8,7.8,22.0
4351170270,7.0,6.9,6.3,20.2
4351170002,6.6,6.4,7.4,20.4
4351170214,6.4,6.9,7.3,20.6
4351170178,6.1,6.8,7.3,20.2
4351170179,7.3,6.8,6.5,20.6
4351170010,6.0,7.2,6.7,19.9
4351170228,8.1,7.7,7.1,22.9
4351170011,7.4,7.7,7.2,22.3
4351170014,6.96,7.18,6.22,20.36
4351170015,7.56,8.26,7.74,23.56
4351170180,7.2,7.5,8.5,23.2
4351170022,6.47,5.93,6.5,18.9
4351170023,5.76,6.64,5.82,18.22
4351170025,7.12,7.16,8.0,22.28
4351170182,5.3,6.8,6.8,18.9
4351170033,6.6,5.7,6.7,19.0
4351170043,7.5,7.6,6.57,21.67
4351170200,7.2,6.2,7.4,20.8
4351170037,7.5,7.3,6.86,21.66
4351170183,5.8,6.2,6.43,18.43
4351170038,5.37,6.83,6.6,18.8
4351170184,6.5,8.2,8.1,22.8
4351170048,6.23,8.6,8.0,22.83
4351170049,6.7,6.1,7.2,20.0
4351170050,6.73,5.93,6.53,19.19
4351170053,7.9,7.4,7.7,23.0
4351170056,7.8,7.9,8.5,24.2
4351170234,7.1,6.4,7.5,21.0
4351170063,5.3,8.2,8.1,21.6
4351170064,7.0,6.6,7.2,20.8
4351170236,5.9,6.7,6.2,18.8
4351170066,7.78,5.98,5.7,19.46
4351170067,7.1,7.5,7.9,22.5
4351170068,7.5,6.6,6.2,20.3
4351170186,5.56,6.8,7.42,19.78
4351170073,6.83,6.47,6.77,20.07
4351170238,7.4,7.9,7.7,23.0
4351170080,6.24,6.32,6.78,19.34
4351170188,6.7,7.4,7.8,21.9
4351170083,7.3,7.4,8.3,23.0
4351170088,6.2,7.9,7.8,21.9
4351170189,8.2,7.6,7.1,22.9
4351170197,6.3,6.8,6.1,19.2
4351170098,9.5,9.6,8.7,27.8
4351170100,5.93,5.8,6.37,18.1
4351170103,6.8,8.0,7.07,21.87
4351170105,8.1,7.3,7.4,22.8
4351170267,7.8,7.25,6.75,21.8
4351170107,8.0,7.2,8.6,23.8
4351170108,7.16,7.48,7.38,22.02
4351170241,7.4,7.7,6.6,21.7
4351170114,6.83,6.6,6.4,19.83
4351170115,7.8,7.4,7.7,22.9
4351170121,6.47,6.47,7.77,20.71
4351170190,5.8,6.1,6.4,18.3
4351170246,7.1,7.9,8.2,23.2
4351170123,6.5,6.0,7.1,19.6
4351170247,6.6,7.0,7.1,20.7
4351170192,6.4,7.2,7.1,20.7
4351170125,8.58,6.82,6.86,22.26
4351170128,7.2,7.9,7.8,22.9
4351170248,8.3,7.0,7.4,22.7
4351170199,6.2,6.9,6.4,19.5
4351170249,7.3,6.6,6.2,20.1
4351170250,6.3,5.8,7.3,19.4
4351170138,6.7,7.8,8.1,22.6
4351170252,8.5,7.4,8.5,24.4
4351170139,6.6,7.8,7.1,21.5
4351170141,5.54,6.86,5.92,18.32
4351170146,6.2,7.5,6.6,20.3
4351170253,9.0,8.1,7.6,24.7
4351170150,7.36,7.04,5.72,20.12
4351170195,6.2,6.0,6.9,19.1
4351170256,7.9,7.5,7.4,22.8
4351170153,7.0,7.4,8.0,22.4
4351170257,6.7,7.1,5.9,19.7
4351170259,7.3,6.4,6.8,20.5
4351170196,6.4,7.3,7.5,21.2
4351170260,6.4,7.3,7.9,21.6
4351170162,7.1,6.5,6.4,20.0
4351170261,7.7,6.7,8.5,22.9
4351170163,7.0,6.7,7.8,21.5
4351170262,6.3,6.8,7.2,20.3
4351170166,6.3,7.13,7.07,20.5
4351170171,6.3,6.66,6.56,19.52
4351170263,5.0,6.0,7.1,18.1
4351170173,6.54,6.52,6.02,19.08
4351170175,6.38,5.82,5.84,18.04
4351180005,5.96,6.84,6.8,19.6
4351180010,6.8,6.2,6.7,19.7
4351180014,6.7,7.7,8.1,22.5
4351180105,7.8,7.8,6.0,21.6
4351180016,8.3,6.87,6.77,21.94
4351180020,6.58,6.76,7.36,20.7
4351180025,6.6,6.1,6.5,19.2
4351180110,6.5,6.9,7.3,20.7
4351180035,6.42,6.78,6.82,20.02
4351180037,7.9,7.0,7.3,22.2
4351180050,5.6,6.06,6.14,17.8
4351180053,5.62,6.22,7.58,19.42
4351180101,6.9,6.9,7.6,21.4
4351180061,6.4,7.0,7.9,21.3
4351180067,7.12,6.86,6.38,20.36
4351180107,6.0,6.5,7.3,19.8
4351180081,7.4,7.1,7.62,22.12
4351180103,7.75,6.75,6.95,21.45
4351180084,8.08,7.7,8.1,23.88
4351180086,6.43,6.37,7.47,20.27
4351180090,8.06,7.6,8.1,23.76
4351180104,8.1,8.9,7.0,24.0
4351190068,7.4,6.7,7.7,21.8
4351190070,6.1,6.6,6.5,19.2
4351190006,7.9,7.2,7.9,23.0
4351190011,8.2,7.5,6.9,22.6
4351190017,6.7,6.4,6.5,19.6
4351190082,7.2,7.75,5.8,20.75
4351190021,7.92,7.02,6.86,21.8
4351190072,6.0,6.2,7.1,19.3
4351190028,7.84,8.08,8.18,24.1
4351190041,7.6,7.6,8.1,23.3
4351190076,5.9,5.9,5.8,17.6
4351190074,7.1,6.7,6.4,20.2
4351190055,7.23,6.07,6.97,20.27
4351190060,6.9,6.64,6.78,20.32
4351200104,7.6,8.3,7.5,23.4
4351200107,6.2,7.1,6.7,20.0
4351200093,6.0,6.0,6.0,18.0
4351200103,8.2,7.8,7.2,23.2
4351200023,7.14,7.06,6.86,21.06
4351200027,7.17,6.7,6.07,19.94
4351200096,6.6,6.4,7.2,20.2
4351200034,6.63,6.87,6.53,20.03
4351200109,7.9,7.9,6.7,22.5
4351200043,6.07,6.43,6.43,18.93
4351200098,6.5,6.9,7.7,21.1
4351200102,7.6,7.7,7.2,22.5
4351200048,6.8,7.3,7.0,21.1
4351200054,6.32,8.0,7.38,21.7
4351200068,6.6,7.3,7.8,21.7
4351200100,6.3,6.8,7.7,20.8
4351200083,7.34,6.24,7.32,20.9
4351200084,6.2,5.8,7.8,19.8
4352020005,5.93,4.83,6.83,17.59
4352020006,5.92,6.42,7.28,19.62
4352020008,6.9,6.42,6.52,19.84
4352020013,7.44,7.96,7.56,22.96
4352020014,7.1,7.28,8.48,22.86
4352020020,8.5,7.22,9.12,24.84
4352020044,8.0,8.25,6.5,22.75
4352020038,6.9,8.2,8.1,23.2
4352030007,7.5,7.5,7.0,22.0
4352030011,7.07,6.97,7.03,21.07
4352030013,5.12,5.66,7.74,18.52
4352030036,6.93,6.3,7.97,21.2
4352030143,7.4,9.8,7.1,24.3
4352030038,7.0,7.7,7.3,22.0
4352030122,7.1,7.4,7.2,21.7
4352030046,7.5,6.5,7.6,21.6
4352030144,6.5,5.6,7.0,19.1
4352030124,5.7,6.6,8.8,21.1
4352030133,7.4,6.8,7.3,21.75
4352030053,6.02,5.62,6.98,18.62
4352030057,6.23,5.93,7.17,19.33
4352030058,6.4,7.4,6.1,19.9
4352030134,6.7,6.34,7.26,20.3
4352030061,6.26,6.56,6.9,19.72
4352030066,6.2,8.1,6.9,21.2
4352030070,7.1,8.7,8.6,24.4
4352030080,6.7,6.8,7.6,21.1
4352030089,6.3,7.4,7.5,21.2
4352030161,5.5,6.6,7.75,19.85
4352030093,6.6,6.74,7.06,20.4
4352030100,6.5,6.8,7.1,20.4
4352030102,5.6,6.4,8.4,20.4
4352030103,6.8,6.8,7.6,21.2
4352030106,5.1,6.17,7.9,19.17
4352050042,7.6,7.2,7.4,22.2
4352050013,7.6,6.8,7.4,21.8
4352050020,8.36,7.1,8.26,23.72
4352050021,6.5,5.62,6.4,18.52
4352050022,6.6,8.4,8.0,23.0
4352050023,6.38,8.18,6.58,21.14
4352050027,7.1,7.8,7.5,22.4
4352050035,7.3,7.5,8.23,23.03
4352050036,7.23,7.17,5.23,19.63
4352050037,5.13,5.97,7.83,18.93
4352060001,6.54,7.9,7.46,21.9
4352060005,6.26,8.56,7.58,22.4
4352060065,5.9,5.3,6.9,18.1
4352060008,8.0,7.7,8.6,24.3
4352060010,5.8,6.26,7.46,19.52
4352060011,7.7,8.1,8.7,24.5
4352060017,6.5,6.0,7.2,19.7
4352060018,6.94,6.94,7.28,21.16
4352060019,6.38,6.96,7.16,20.5
4352060022,7.0,6.6,6.7,20.3
4352060070,7.1,7.5,8.1,22.7
4352060038,6.7,7.1,6.7,20.5
4352060083,6.1,5.8,7.5,19.4
4352060040,6.7,7.1,7.1,20.9
4352060094,6.1,6.1,5.9,18.1
4352060073,6.3,7.4,7.8,21.5
4352060047,5.27,6.07,6.23,17.57
4352060052,7.64,6.48,7.44,21.56
4352060072,6.1,7.1,6.3,19.5
4352060084,6.0,5.6,7.25,18.85
4352060058,5.33,6.33,6.4,18.06
4352060085,7.4,6.3,7.3,21.0
4352070003,7.48,7.02,7.32,21.82
4352070004,8.13,7.2,8.23,23.56
4352070008,6.88,5.3,6.0,18.18
4352070020,6.37,6.1,7.7,20.17
4352070262,7.4,7.5,5.6,20.0
4352070220,6.9,7.6,7.9,22.4
4352070208,7.1,6.9,7.2,21.2
4352070030,6.56,5.66,5.84,18.06
4352070031,7.3,6.6,7.8,21.7
4352070222,7.0,7.6,7.1,21.7
4352070209,7.0,6.9,7.5,21.4
4352070039,6.86,8.92,8.32,24.1
4352070049,7.24,7.52,7.38,22.14
4352070052,7.8,7.1,8.4,23.3
4352070055,7.92,8.42,8.28,24.62
4352070213,6.1,7.5,8.0,21.6
4352070060,5.52,5.4,6.76,17.68
4352070067,7.16,5.08,5.66,17.9
4352070069,6.8,6.0,6.3,19.1
4352070070,8.0,7.3,8.0,23.3
4352070083,6.17,5.73,7.73,19.63
4352070087,6.96,6.38,6.66,20.0
4352070225,7.2,6.5,6.0,19.7
4352070113,6.94,6.84,7.0,20.78
4352070115,7.27,6.83,7.47,21.57
4352070116,6.8,6.0,6.3,19.1
4352070118,7.54,7.66,7.9,23.1
4352070121,8.2,7.7,8.2,24.1
4352070134,6.4,7.6,7.3,21.3
4352070263,6.4,5.7,6.7,18.8
4352070136,6.78,6.64,6.36,19.78
4352070218,7.12,8.3,7.96,23.38
4352070137,7.84,8.68,8.8,25.32
4352070146,7.03,8.1,7.7,22.83
4352070148,6.58,6.86,7.04,20.48
4352070149,7.0,7.0,7.8,21.8
4352070153,6.8,7.0,8.4,22.2
4352070154,6.5,8.26,7.06,21.82
4352070224,7.7,7.3,7.9,22.9
4352070161,6.8,6.58,6.9,20.28
4352070164,7.24,6.7,7.88,21.82
4352070166,6.1,6.7,8.04,20.84
4352070167,6.53,6.2,8.1,20.83
4352070219,5.6,6.8,6.3,19.2
4352070176,7.44,7.54,7.92,22.9
4352070221,5.2,6.8,6.2,18.2
4352070181,5.87,7.0,7.4,20.27
4352070182,6.48,6.1,5.98,18.56
4352070188,7.7,7.5,7.2,22.4
4352070190,5.8,6.7,6.7,19.2
4352070197,7.2,7.3,8.2,22.7
4352070202,7.5,7.26,7.82,22.58
4352080015,8.0,6.9,7.7,22.6
4352080004,8.0,7.0,7.5,22.5
4352080025,6.66,6.92,6.34,19.92
4352080027,5.63,6.57,6.7,18.9
4353010014,8.3,9.2,9.3,26.8
4353010012,8.0,7.84,8.3,24.14
4353030002,6.73,6.87,8.0,21.6
4353030006,9.1,9.07,8.33,26.5
4353030010,6.97,7.43,7.67,22.07
4353030012,6.83,7.77,7.0,21.6
4353030013,7.06,7.44,7.46,21.96
4353030015,8.3,8.3,7.1,23.7
4353030019,6.2,7.1,6.3,19.6
4353030021,7.44,6.9,6.92,21.26
4353030023,7.1,6.7,7.33,21.13
4353030041,7.2,8.1,6.9,22.2
4353030043,6.9,7.5,8.0,22.4
4353030033,7.83,8.3,7.57,23.7
4353030035,6.46,7.2,6.34,20.0
4353030042,8.0,7.6,7.5,23.6
4353030038,5.97,6.6,7.4,19.97
4354010968,5.6,7.3,5.6,18.5
4354010969,5.9,6.7,7.5,20.1
4354010911,6.1,7.1,7.9,21.1
4354010923,8.1,7.0,7.0,22.1
4354010971,6.8,6.0,7.0,19.8
4354010008,6.86,6.44,6.86,20.16
4354011118,7.7,7.3,8.3,23.3
4354010011,8.7,6.5,8.43,23.63
4354010015,8.8,7.9,9.4,26.1
4354010016,6.92,7.0,6.3,20.22
4354010972,8.0,6.6,5.5,20.1
4354010018,6.86,5.72,6.24,18.82
4354010974,7.2,6.3,7.3,20.8
4354010020,6.26,7.06,6.1,19.42
4354010021,6.5,6.36,5.76,18.62
4354010024,6.8,7.26,6.82,20.88
4354010975,7.5,6.3,7.2,21.0
4354010031,8.9,8.6,6.5,24.0
4354010036,6.93,6.13,6.97,20.03
4354010833,6.04,7.22,5.98,19.24
4354011114,6.0,5.98,7.4,19.38
4354010039,6.36,5.82,6.84,19.02
4354010041,6.9,6.6,6.2,19.7
4354010977,7.8,7.4,7.0,22.2
4354010978,7.6,7.0,7.6,22.2
4354010044,6.32,6.26,6.32,18.9
4354011113,7.5,6.9,6.8,21.2
4354010948,6.3,7.0,7.3,20.6
4354010946,6.8,7.6,7.6,22.0
4354010046,5.8,6.67,6.4,18.87
4354010052,7.67,8.1,6.8,22.57
4354010053,8.2,7.2,7.5,22.9
4354010055,6.3,7.2,7.6,21.1
4354010056,8.1,7.4,8.7,24.2
4354011081,6.5,7.8,7.0,21.3
4354010060,6.6,6.9,5.8,19.3
4354010061,7.4,6.8,7.0,21.2
4354010062,6.86,6.18,7.32,20.36
4354010981,6.9,6.9,7.5,21.3
4354010983,6.9,8.8,8.6,24.3
4354010065,6.6,7.34,7.64,21.58
4354010066,6.1,6.64,6.78,19.52
4354010069,7.92,7.52,6.86,22.3
4354010071,6.76,6.94,7.64,21.34
4354010073,6.28,6.26,5.66,18.2
4354010078,7.08,8.44,6.2,21.72
4354010080,7.18,6.22,6.22,19.62
4354010083,6.9,6.1,6.2,19.2
4354010085,7.2,7.9,7.9,23.0
4354010087,6.6,6.2,5.9,18.7
4354010095,8.0,7.8,7.75,23.55
4354010100,7.27,8.2,8.53,24.0
4354010836,7.0,6.6,6.7,20.3
4354010837,7.3,7.5,6.6,21.4
4354010114,7.4,7.06,7.26,21.72
4354010838,5.7,6.6,6.5,18.8
4354010115,8.0,8.0,8.5,24.5
4354010839,5.8,6.7,6.2,18.7
4354010840,6.5,6.4,5.8,18.7
4354010841,7.5,8.4,8.7,24.6
4354010121,6.26,6.68,6.32,19.26
4354010123,7.0,7.3,7.7,22.0
4354010125,6.4,5.98,6.94,19.32
4354010921,7.9,7.8,7.9,23.6
4354011084,7.25,6.2,2.0,15.45
4354010133,6.1,7.0,6.8,19.9
4354010134,8.08,8.06,7.86,24.0
4354010136,8.32,8.46,7.36,24.14
4354010141,6.6,7.4,7.03,21.03
4354010144,5.37,7.3,6.27,18.94
4354010145,5.47,5.7,6.3,17.47
4354010146,7.9,7.7,7.0,22.6
4354010147,6.9,8.5,8.7,24.1
4354010152,7.12,7.16,6.54,20.82
4354010154,8.1,6.8,8.25,23.15
4354010155,7.1,7.0,7.0,21.1
4354010843,6.4,7.2,6.9,20.5
4354010158,6.66,7.0,7.52,21.18
4354010845,6.2,6.5,7.2,19.9
4354011130,7.7,6.3,5.1,19.1
4354010162,6.68,6.08,6.42,19.18
4354011000,8.6,6.7,8.3,23.6
4354010846,6.9,8.2,6.5,21.6
4354010847,7.6,8.0,9.2,24.8
4354010165,7.7,7.8,7.2,22.7
4354010849,7.0,6.5,7.0,20.5
4354010170,6.6,6.47,6.57,19.64
4354010173,8.42,8.62,8.7,25.74
4354011117,7.0,6.7,7.3,21.0
4354010179,7.7,8.4,7.8,23.9
4354011002,6.9,6.0,7.4,20.3
4354010181,7.0,7.3,7.1,21.4
4354010183,7.64,7.52,6.6,21.76
4354011004,7.4,6.9,7.6,21.9
4354010184,7.3,8.6,8.3,24.2
4354010185,5.93,7.77,6.07,19.77
4354010186,7.0,7.9,7.9,22.8
4354010187,6.22,6.44,5.58,18.24
4354010189,7.5,7.3,7.4,22.2
4354010922,7.2,7.0,6.3,20.5
4354010196,6.06,7.2,6.02,19.28
4354010909,7.7,7.2,6.6,21.5
4354010200,6.42,8.0,5.62,20.04
4354010201,6.4,8.7,6.7,21.8
4354010206,9.6,8.9,8.5,27.0
4354010851,8.28,8.28,7.82,24.38
4354010207,7.7,8.28,8.52,24.5
4354010209,6.26,5.58,6.32,18.16
4354010213,7.1,6.7,6.9,20.7
4354010215,5.9,7.0,7.0,19.9
4354010216,6.2,7.4,6.2,19.8
4354010218,6.9,8.0,7.0,21.9
4354010220,6.04,6.74,6.92,19.7
4354010221,7.0,7.2,7.8,22.0
4354010229,7.46,6.38,6.42,20.26
4354010967,6.1,6.8,7.2,20.1
4354010231,8.0,7.6,8.8,24.4
4354010233,6.5,6.0,6.7,19.2
4354010234,6.64,7.82,6.6,21.06
4354010236,5.36,7.42,7.6,20.38
4354010237,6.94,6.36,7.32,20.62
4354011131,7.0,6.2,6.0,19.2
4354010241,5.98,6.52,6.5,19.0
4354010244,6.1,7.0,7.0,20.1
4354010245,7.5,8.0,4.4,19.9
4354010248,7.5,6.23,7.73,21.46
4354010254,7.4,6.7,7.7,21.8
4354010255,7.0,6.6,6.8,20.4
4354010258,6.5,7.28,7.3,21.08
4354010261,6.96,7.92,6.68,21.56
4354010262,8.2,5.7,7.7,21.6
4354010915,6.3,7.9,7.3,22.4
4354010264,9.1,7.5,7.3,23.9
4354010265,6.8,6.5,6.8,20.1
4354010267,6.7,7.8,7.4,21.9
4354010268,6.73,5.57,6.57,18.87
4354010269,7.82,7.88,8.58,24.28
4354010272,7.7,7.3,7.1,22.1
4354010276,6.8,6.1,6.1,19.0
4354011092,7.25,6.8,4.2,18.25
4354010282,6.78,7.08,6.14,20.0
4354010285,7.32,6.48,6.68,20.48
4354010288,7.4,7.83,7.37,22.6
4354010292,6.3,5.8,5.9,18.0
4354010295,6.5,7.0,6.7,20.2
4354010303,7.6,6.9,5.1,19.6
4354010305,6.7,7.16,7.04,20.9
4354010306,6.87,6.3,7.17,20.34
4354010858,6.68,6.8,7.3,20.78
4354010314,7.4,7.1,7.1,21.6
4354011119,8.0,6.8,7.4,21.0
4354010322,5.4,7.2,8.3,20.9
4354010323,7.0,7.3,7.1,21.4
4354010325,7.12,5.92,6.46,19.5
4354010327,7.2,5.18,6.84,19.22
4354010328,7.1,6.4,7.8,21.3
4354010337,7.57,6.4,6.9,20.87
4354010341,6.86,7.12,7.24,21.22
4354010343,6.67,6.8,7.07,20.54
4354010345,5.76,6.08,6.52,18.36
4354011013,6.6,7.2,5.0,18.8
4354010346,6.6,5.7,6.0,18.3
4354011093,6.75,7.8,5.4,19.95
4354011116,7.0,7.0,6.0,20.0
4354010357,9.0,8.7,8.3,26.0
4354010359,5.8,6.0,6.7,18.5
4354010360,6.34,7.38,7.32,21.04
4354010361,6.44,5.98,7.02,19.44
4354010370,6.5,6.2,6.5,19.2
4354010918,7.8,7.4,7.7,22.9
4354011123,6.53,5.33,7.47,19.33
4354010383,7.7,8.2,7.5,23.4
4354010384,7.6,6.8,7.0,21.4
4354010385,7.78,6.62,7.5,21.9
4354010394,7.1,6.9,7.3,21.3
4354010396,7.3,7.1,8.0,22.4
4354010399,5.92,6.66,6.72,19.3
4354010945,7.9,7.9,8.1,23.9
4354010407,5.96,5.88,6.86,18.7
4354010907,7.2,5.9,7.1,
4354010410,6.7,6.73,6.67,20.1
4354010412,6.6,6.5,7.2,20.3
4354010413,6.0,5.9,6.2,18.1
4354011021,9.1,8.6,7.0,24.7
4354010865,5.6,5.3,6.9,17.8
4354010422,6.6,5.16,6.48,18.24
4354010424,7.0,7.4,5.8,20.2
4354010425,6.3,7.4,5.7,19.4
4354010427,6.32,7.74,7.0,21.06
4354010434,7.45,7.15,6.55,21.15
4354010435,5.92,6.76,6.9,19.58
4354010866,6.4,6.95,6.54,19.89
4354010445,7.7,7.3,7.0,22.0
4354010448,7.6,8.2,8.1,23.9
4354010867,7.4,6.52,7.7,21.62
4354010459,6.96,6.88,7.9,21.74
4354011031,6.1,5.8,7.7,19.6
4354010463,8.32,7.54,6.94,22.8
4354010464,6.7,7.42,7.28,21.4
4354010467,6.9,5.95,6.8,19.65
4354011033,6.0,6.5,6.9,19.4
4354010469,6.0,6.4,7.2,19.6
4354011034,6.9,5.8,7.0,19.7
4354010474,9.2,8.4,7.8,25.4
4354010870,7.5,6.6,7.8,21.9
4354010480,5.97,7.73,6.1,19.8
4354010488,7.3,8.2,6.6,22.1
4354011121,6.5,6.8,7.1,20.4
4354010493,6.12,6.7,6.84,19.66
4354010920,6.9,6.3,7.2,20.4
4354010497,5.8,7.6,6.1,19.5
4354011126,6.8,7.4,7.3,21.5
4354010498,7.14,6.76,6.7,20.6
4354010501,6.18,7.88,6.36,20.42
4354010502,7.84,7.76,7.3,22.9
4354010504,5.86,6.72,6.4,18.98
4354010508,6.24,6.24,6.08,18.56
4354010511,6.22,7.2,6.42,19.84
4354011040,8.0,6.9,7.4,22.3
4354010526,7.94,7.94,8.4,24.28
4354010534,5.47,6.4,6.73,18.6
4354011100,5.75,7.6,2.6,15.95
4354010960,6.3,6.8,7.6,20.7
4354010536,7.0,8.4,8.3,23.7
4354010905,7.3,6.3,7.1,20.7
4354010548,6.46,6.4,6.08,18.94
4354011122,7.1,7.0,6.5,20.6
4354010550,6.0,7.9,6.7,20.6
4354010876,5.9,6.3,6.6,18.8
4354011043,7.6,7.0,7.2,21.8
4354011045,6.9,6.7,6.1,19.7
4354010924,7.1,7.2,7.4,21.7
4354010554,6.76,6.96,7.56,21.28
4354010555,6.2,7.0,7.1,20.3
4354010558,7.08,6.24,6.7,20.02
4354010560,6.8,7.1,5.65,19.55
4354011048,8.0,6.6,8.0,22.6
4354010565,5.9,6.9,7.5,20.3
4354010916,7.5,7.2,6.6,21.3
4354010576,7.12,6.46,6.76,20.34
4354010581,6.96,7.58,6.38,20.92
4354010878,6.88,7.68,6.92,21.48
4354010584,8.3,7.3,8.3,23.9
4354010586,6.94,6.96,7.14,21.04
4354010590,6.2,7.5,6.6,20.3
4354010925,6.4,8.0,7.8,22.2
4354010595,5.4,6.4,5.9,17.7
4354010599,6.8,7.8,6.8,21.4
4354011052,7.0,6.8,7.5,21.3
4354010601,6.02,6.4,6.62,19.04
4354010602,6.8,7.26,6.38,20.44
4354010603,6.3,7.4,7.0,20.7
4354010604,6.64,5.62,6.0,18.26
4354010913,6.77,5.67,6.93,19.37
4354011127,5.9,6.5,6.6,19.0
4354011103,6.25,7.6,4.8,18.65
4354010881,6.1,8.5,7.3,21.9
4354010608,8.3,9.3,8.1,25.7
4354010610,7.9,7.8,6.6,22.3
4354011124,7.0,5.7,7.0,19.7
4354010613,7.0,5.8,6.8,19.6
4354010614,8.2,7.9,7.9,24.0
4354010618,5.9,5.77,6.67,18.34
4354010885,6.02,6.1,6.18,18.3
4354010627,6.9,5.53,5.83,18.26
4354011054,5.9,6.6,6.6,19.1
4354010628,8.5,7.2,7.6,23.3
4354010629,5.76,5.74,6.76,18.26
4354011056,7.4,6.6,7.1,21.1
4354010633,6.13,7.57,6.63,20.33
4354011058,7.9,8.0,8.5,24.4
4354011059,7.1,7.6,7.5,22.2
4354010639,6.62,6.08,6.72,19.42
4354010640,7.16,5.94,6.52,19.62
4354011129,8.3,8.1,8.0,24.4
4354010641,6.74,5.8,6.38,18.92
4354010644,5.88,6.4,5.5,17.78
4354011108,4.0,7.0,4.6,15.6
4354010963,6.5,8.4,7.3,22.2
4354010647,7.74,8.08,8.2,24.02
4354010649,6.5,6.4,7.6,20.5
4354010886,5.5,6.0,7.5,19.0
4354010651,6.2,7.9,7.8,21.9
4354010966,5.5,6.7,5.8,18.0
4354010654,7.4,7.2,7.4,22.0
4354010888,7.3,8.9,8.6,24.8
4354010659,7.0,6.5,5.4,18.9
4354010661,6.85,5.35,7.15,19.35
4354010662,6.67,6.67,6.17,19.51
4354010665,7.2,6.63,6.67,20.5
4354010663,5.82,6.12,7.08,19.02
4354010889,5.5,6.7,7.3,19.5
4354010667,7.0,6.37,7.1,20.47
4354010668,5.5,7.6,7.2,20.3
4354010670,7.1,6.0,7.2,20.3
4354010675,6.27,6.97,6.77,20.01
4354010680,6.1,6.2,6.5,18.8
4354010683,7.2,6.32,6.92,20.44
4354010910,5.94,5.7,6.66,18.3
4354010688,5.96,6.42,6.36,18.74
4354010691,5.4,6.1,6.7,18.2
4354010696,6.86,5.7,5.72,18.28
4354010890,5.8,7.0,5.7,18.5
4354011128,7.1,7.7,6.7,21.5
4354010892,8.5,8.0,6.8,23.3
4354010713,8.1,7.68,7.7,23.48
4354010716,6.78,7.0,5.42,19.2
4354010719,8.17,9.27,8.73,26.17
4354010724,6.28,5.62,6.32,18.22
4354010738,7.2,7.4,8.4,23.0
4354010739,7.4,7.2,8.1,22.7
4354010740,7.82,7.34,6.52,21.68
4354011066,8.3,7.7,8.8,24.8
4354010895,6.1,6.42,5.92,18.44
4354010897,6.4,8.0,7.3,21.7
4354010743,7.26,7.06,6.9,21.22
4354010746,6.7,7.9,7.5,22.1
4354011067,7.3,6.5,5.8,19.6
4354011068,7.1,7.2,6.1,20.4
4354010766,7.3,7.4,7.7,22.4
4354011110,7.5,8.0,5.4,20.9
4354010914,7.5,7.1,7.2,21.8
4354010899,7.7,7.3,6.1,21.1
4354010778,6.46,5.86,6.44,18.76
4354010779,7.2,9.1,8.0,24.3
4354010781,7.9,7.5,7.2,22.6
4354010789,7.34,7.82,7.64,22.8
4354010790,6.92,6.82,7.88,21.62
4354010793,7.3,9.1,7.7,24.1
4354010900,6.7,7.5,6.7,20.9
4354010794,6.84,6.3,7.46,20.6
4354010903,6.2,6.9,6.9,20.0
4354010917,6.4,8.2,7.7,21.1
4354010901,8.0,7.2,8.0,23.2
4354010798,6.98,5.68,5.66,18.32
4354010800,6.6,6.5,6.45,19.55
4354010804,6.43,6.4,6.67,19.5
4354010808,6.86,5.88,5.54,18.28
4354010906,6.6,6.2,7.7,20.5
4354010816,6.66,6.24,7.04,19.94
4354011125,8.9,7.7,8.4,24.6
4354010820,5.08,6.86,6.1,18.04
4354010824,6.12,5.9,6.22,18.24
4354010827,6.6,6.1,6.7,19.4
4354010829,7.2,8.2,7.8,23.2
4354030003,6.42,6.44,6.58,19.44
4354030009,5.9,6.0,7.3,19.2
4354030015,7.3,6.8,8.1,22.2
4354030017,7.2,7.23,7.43,21.86
4354030019,7.24,8.12,7.34,22.7
4354030021,7.06,7.18,6.36,20.6
4354030026,6.98,7.16,6.92,21.06
4354030028,7.15,7.55,8.65,23.35
4354030186,7.1,7.4,6.2,20.7
4354030207,7.0,7.1,8.3,22.4
4354030039,7.84,8.34,6.7,22.88
4354030048,6.98,8.06,8.72,23.76
4354030063,6.56,6.9,6.54,20.0
4354030065,6.93,5.5,6.63,19.06
4354030071,7.18,6.58,6.64,20.4
4354030072,7.3,7.54,7.16,22.0
4354030078,8.06,7.34,7.34,22.74
4354030079,6.5,8.3,8.1,22.9
4354030226,6.0,6.5,3.0,15.5
4354030090,6.7,7.0,6.3,20.0
4354030191,7.7,7.8,8.2,23.7
4354030096,6.4,6.42,6.06,18.88
4354030199,6.1,7.2,6.7,20.0
4354030121,5.85,6.65,6.65,19.15
4354030122,6.7,7.3,6.4,20.4
4354030227,6.0,7.2,4.8,18.0
4354030130,7.6,6.34,8.7,22.64
4354030228,8.8,6.75,7.75,23.3
4354030200,8.0,8.0,7.8,23.8
4354030156,5.9,6.2,6.32,18.42
4354030157,7.8,7.9,8.5,24.2
4354030217,6.2,6.2,5.7,18.1
4354030168,7.34,6.28,5.8,19.42
4354030169,7.6,8.04,7.74,23.38
4354030198,7.06,7.12,8.0,22.18
4354030222,6.5,6.7,5.9,19.1
4354040001,6.3,6.3,5.3,17.9
4354040002,6.7,6.5,7.3,20.5
4354040003,7.9,7.5,7.6,23.0
4354040005,6.96,6.34,6.46,19.76
4354040008,6.5,6.52,6.36,19.38
4354040534,5.9,6.1,4.6,16.6
4354040010,6.88,6.98,6.94,20.8
4354040012,7.53,8.6,6.87,23.0
4354040016,8.3,7.6,8.1,24.0
4354040017,6.9,8.0,7.23,22.13
4354040018,6.65,7.2,7.75,21.6
4354040021,7.13,6.97,6.17,20.27
4354040025,7.42,7.66,8.02,23.1
4354040027,6.1,6.5,7.2,19.8
4354040029,7.6,8.1,9.2,24.9
4354040033,6.3,6.4,5.6,18.3
4354040514,6.8,8.0,5.5,20.3
4354040458,8.6,7.4,7.0,23.0
4354040037,6.77,6.13,7.23,20.13
4354040391,5.47,6.67,6.47,18.61
4354040038,7.18,6.54,7.16,20.88
4354040392,7.16,7.7,8.46,23.32
4354040437,5.5,7.2,5.6,18.3
4354040046,6.0,6.4,6.7,19.1
4354040048,6.6,7.82,7.08,21.5
4354040053,7.52,7.44,7.72,22.68
4354040055,7.4,8.04,7.82,23.26
4354040056,6.8,7.2,8.5,22.5
4354040449,7.3,7.4,7.2,21.9
4354040059,6.38,7.64,7.92,21.94
4354040063,7.5,7.4,6.9,21.8
4354040066,7.33,6.83,7.1,21.26
4354040067,8.3,6.9,8.5,23.7
4354040070,6.68,6.0,6.32,19.0
4354040460,6.4,6.6,7.3,20.3
4354040515,8.0,6.8,4.2,19.0
4354040072,8.02,8.46,8.84,25.32
4354040394,7.6,7.8,7.2,22.6
4354040074,7.7,7.1,7.4,22.2
4354040450,7.3,6.7,5.4,19.4
4354040076,7.17,6.87,5.97,20.01
4354040463,6.7,6.6,6.9,20.2
4354040465,7.1,5.9,5.0,18.0
4354040083,6.82,7.82,7.16,21.8
4354040081,6.36,5.98,7.8,20.14
4354040451,8.9,6.9,8.6,24.4
4354040084,6.5,6.7,7.2,20.4
4354040085,6.12,6.86,6.8,19.78
4354040089,6.14,7.12,6.72,19.98
4354040091,6.36,5.84,7.08,19.28
4354040093,7.02,7.04,7.01,21.07
4354040096,6.82,5.56,7.36,19.74
4354040398,6.74,7.34,7.28,21.36
4354040467,6.7,7.4,7.5,21.6
4354040107,7.47,6.07,7.0,20.54
4354040110,8.02,7.04,8.12,23.18
4354040111,7.7,7.9,6.7,22.3
4354040113,7.6,8.5,8.0,24.1
4354040122,7.54,7.5,7.5,22.54
4354040470,6.1,6.5,6.8,19.4
4354040123,6.3,6.4,7.1,19.8
4354040531,6.3,6.4,6.7,19.4
4354040439,6.3,6.4,6.1,18.8
4354040133,6.43,8.57,6.17,21.17
4354040135,6.6,6.56,6.84,20.0
4354040136,7.62,7.36,6.9,21.88
4354040137,6.97,6.37,6.83,20.17
4354040140,8.2,7.7,7.4,23.3
4354040139,7.36,6.82,7.52,21.7
4354040141,7.1,7.27,6.2,20.57
4354040400,7.2,6.7,8.1,22.0
4354040152,7.33,7.73,8.97,24.03
4354040153,6.2,6.67,7.63,20.5
4354040155,5.8,6.1,7.3,19.2
4354040476,7.2,7.2,7.9,22.3
4354040477,6.4,7.8,7.5,21.7
4354040478,8.3,7.6,7.0,22.9
4354040158,6.36,6.54,7.02,19.92
4354040159,7.6,7.7,7.4,22.7
4354040162,5.5,6.0,7.1,18.6
4354040479,7.5,5.7,5.5,18.7
4354040403,7.5,7.7,6.7,21.9
4354040166,6.76,5.54,6.56,18.86
4354040480,5.9,6.2,6.2,18.3
4354040533,6.3,6.2,6.4,18.9
4354040174,5.68,6.6,6.42,18.7
4354040175,6.0,6.8,5.5,18.3
4354040178,5.62,7.08,6.82,19.52
4354040179,6.48,6.02,6.42,18.92
4354040181,7.24,6.84,6.82,20.9
4354040183,6.53,7.17,6.63,20.33
4354040187,7.2,6.8,7.4,21.4
4354040188,7.08,6.56,6.98,20.62
4354040191,5.6,5.97,6.5,18.07
4354040193,6.96,6.48,6.92,20.36
4354040406,6.16,5.58,5.92,17.66
4354040195,7.4,6.5,6.9,20.8
4354040407,7.1,7.4,7.8,22.3
4354040532,6.0,6.3,7.2,19.5
4354040201,5.92,7.0,6.74,19.66
4354040202,6.44,7.0,7.4,20.84
4354040204,6.66,6.74,6.92,20.32
4354040206,6.72,6.64,6.78,20.14
4354040482,6.8,6.2,7.3,20.3
4354040431,6.2,7.1,6.4,19.7
4354040207,6.86,6.82,7.4,21.08
4354040484,7.5,7.3,6.2,21.0
4354040485,7.0,7.7,7.8,22.5
4354040215,6.36,5.64,6.12,18.12
4354040488,6.6,5.8,6.3,18.7
4354040410,6.1,6.7,8.5,21.3
4354040489,6.4,6.7,6.7,19.8
4354040223,5.9,7.3,5.84,19.04
4354040412,6.18,6.1,5.88,18.16
4354040227,7.04,6.4,6.82,20.26
4354040228,5.4,6.6,6.1,18.1
4354040491,6.5,6.8,6.4,19.7
4354040230,6.4,5.13,6.87,18.4
4354040232,7.77,6.43,6.73,20.93
4354040246,7.16,6.92,6.96,21.04
4354040493,6.6,6.6,5.5,18.7
4354040250,6.56,6.18,7.64,20.38
4354040251,6.26,6.56,6.26,19.08
4354040256,6.4,6.7,7.0,20.1
4354040417,6.4,5.8,6.9,19.1
4354040418,5.93,7.23,6.7,19.86
4354040267,6.2,7.7,7.3,21.2
4354040270,6.9,6.66,5.9,19.46
4354040447,8.5,7.9,7.0,23.4
4354040276,6.2,7.4,6.0,19.6
4354040278,6.4,6.8,7.5,20.7
4354040283,6.94,7.66,6.28,20.88
4354040496,7.4,8.7,8.6,24.7
4354040290,6.58,6.96,6.98,20.52
4354040295,5.93,6.0,5.9,17.83
4354040423,6.9,7.0,6.1,20.0
4354040297,7.13,6.0,6.7,19.83
4354040298,6.97,7.4,7.0,21.37
4354040299,7.0,6.07,5.33,18.4
4354040302,6.5,7.1,6.8,20.4
4354040308,6.74,6.2,6.24,19.18
4354040311,7.1,5.9,7.57,20.57
4354040501,8.0,8.4,7.7,24.1
4354040319,8.38,7.52,7.9,23.8
4354040321,7.4,8.8,8.0,24.2
4354040322,7.25,6.9,6.7,20.85
4354040323,6.3,6.48,6.8,19.58
4354040324,7.0,7.6,7.45,22.05
4354040430,6.6,5.4,6.44,18.44
4354040339,7.7,7.8,6.0,21.5
4354040502,7.9,7.3,8.2,23.4
4354040343,7.82,7.34,6.52,21.68
4354040503,7.9,6.7,6.4,21.0
4354040524,7.8,7.5,5.4,20.7
4354040344,7.0,7.9,8.5,23.4
4354040504,7.8,6.8,7.4,22.0
4354040348,7.8,7.2,7.8,22.8
4354040349,6.67,6.07,7.2,19.94
4354040351,7.1,6.3,6.3,19.7
4354040352,6.0,6.5,6.83,19.33
4354040526,6.75,8.2,6.4,21.35
4354040360,6.2,6.23,6.5,18.93
4354040364,7.03,6.73,6.57,20.33
4354040528,5.25,6.6,2.8,14.65
4354040365,6.1,6.1,7.5,19.7
4354040368,7.82,7.76,7.5,23.08
4354040530,7.7,6.9,7.0,21.6
4354040374,8.5,7.3,8.3,24.1
4354040375,7.18,7.14,5.44,19.76
4354040378,7.28,6.86,7.76,21.9
4354040379,6.68,5.86,6.96,19.5
4354040438,7.5,7.8,6.7,22.0
4354040386,6.68,6.48,6.78,19.94
4354040506,5.7,6.9,6.2,18.8
4354050324,7.4,8.2,8.5,24.1
4354050325,6.0,6.4,7.0,19.4
4354050011,8.4,8.63,8.13,25.16
4354050012,6.8,7.0,6.7,20.5
4354050233,6.7,7.6,6.1,20.4
4354050025,7.68,6.46,8.14,22.28
4354050267,7.7,6.9,8.0,22.6
4354050268,7.37,7.6,7.7,22.67
4354050034,6.6,7.43,7.27,21.3
4354050037,7.87,6.67,6.47,21.01
4354050040,6.8,7.16,6.9,20.86
4354050041,5.78,7.02,6.24,19.04
4354050327,8.1,7.4,7.5,23.0
4354050043,7.22,7.14,7.56,21.92
4354050044,7.2,6.93,7.73,21.86
4354050049,6.3,5.94,6.18,18.42
4354050051,6.06,6.82,7.12,20.0
4354050276,7.8,6.6,8.0,22.4
4354050053,6.46,7.0,7.62,21.08
4354050057,5.8,6.16,6.48,18.44
4354050058,6.0,6.9,7.4,20.3
4354050278,6.7,7.3,7.0,21.0
4354050059,6.24,5.8,6.42,18.46
4354050060,5.7,6.6,6.4,18.7
4354050064,6.6,7.4,6.4,20.4
4354050071,7.54,7.2,8.22,22.96
4354050077,7.72,7.22,7.6,22.54
4354050080,8.77,8.0,8.13,24.9
4354050239,8.7,7.8,8.0,24.5
4354050082,5.7,6.78,7.3,19.78
4354050090,6.18,6.92,6.28,19.38
4354050092,7.86,8.1,8.46,24.42
4354050240,5.9,7.8,8.5,22.2
4354050098,6.37,7.37,6.13,19.87
4354050101,7.8,6.5,7.5,21.8
4354050107,6.2,6.7,6.4,19.3
4354050108,7.27,7.63,7.73,22.63
4354050109,6.7,5.8,8.7,21.2
4354050242,6.3,5.9,5.7,17.9
4354050118,7.2,7.8,6.7,21.7
4354050287,7.0,8.4,7.2,22.6
4354050124,7.2,7.6,7.57,22.37
4354050125,7.7,9.1,9.2,26.0
4354050288,7.6,7.1,8.6,23.3
4354050270,7.1,7.1,8.1,22.3
4354050291,7.1,6.3,7.5,20.9
4354050132,6.14,5.54,6.08,17.76
4354050293,8.5,7.1,8.5,24.1
4354050141,6.9,7.5,7.2,21.6
4354050318,7.25,6.6,5.0,18.85
4354050247,6.2,7.3,7.8,21.3
4354050248,7.4,7.2,7.8,22.4
4354050296,8.6,8.4,8.3,25.3
4354050146,7.1,6.0,8.4,21.5
4354050151,6.52,6.78,6.66,19.96
4354050329,6.6,6.3,8.0,20.9
4354050252,7.5,8.5,9.2,25.2
4354050167,6.44,6.6,7.02,20.06
4354050170,8.0,9.1,8.1,25.2
4354050172,7.37,6.07,6.17,19.61
4354050256,6.3,6.4,6.5,19.2
4354050299,7.6,7.1,6.7,21.4
4354050178,8.23,8.37,8.43,25.03
4354050180,7.7,8.6,8.4,24.7
4354050185,6.0,6.6,6.0,18.6
4354050187,6.32,7.14,7.56,21.02
4354050258,6.5,6.7,5.7,18.9
4354050300,6.2,7.3,6.2,19.7
4354050197,7.7,8.0,7.4,23.1
4354050198,6.96,7.74,7.12,21.82
4354050259,7.2,7.1,7.1,21.4
4354050203,7.9,8.32,8.46,24.68
4354050206,6.6,8.9,8.3,23.8
4354050326,7.02,7.12,6.94,21.08
4354050261,6.84,6.4,7.18,20.42
4354050303,6.8,6.1,6.2,19.1
4354050311,6.26,7.3,6.88,20.44
4354050217,6.8,6.86,6.62,20.28
4354050218,7.0,6.62,7.16,20.78
4354050266,6.8,6.5,8.6,21.9
4354050263,7.7,6.9,7.6,22.2
4354050323,7.7,6.2,6.8,20.7
4354050222,6.4,7.1,8.07,21.57
4354050223,7.9,6.5,7.2,21.6
4354050306,8.4,8.2,8.7,25.3
4354050228,6.63,6.8,7.2,20.63
4354050308,6.5,6.0,6.7,19.2
4354050328,7.3,7.2,6.4,20.9
4354050230,7.0,8.2,8.1,23.3
4354060003,7.1,6.1,7.5,20.7
4354060004,7.47,9.13,7.17,23.77
4354060007,6.86,6.08,6.44,19.38
4354060009,5.73,6.27,6.8,18.8
4354060011,7.0,7.54,7.28,21.82
4354060497,7.0,7.4,7.7,22.1
4354060013,5.5,6.5,6.6,18.6
4354060017,6.58,6.1,5.94,18.62
4354060480,6.2,7.1,6.4,19.7
4354060022,6.4,7.1,5.1,18.6
4354060023,6.66,5.4,7.04,19.1
4354060025,7.0,7.4,6.3,20.7
4354060500,6.6,6.1,5.8,18.5
4354060539,7.1,6.8,5.7,19.6
4354060597,7.6,7.8,7.2,22.6
4354060540,8.5,7.6,8.7,24.8
4354060038,6.08,6.0,5.94,18.02
4354060494,5.8,8.1,6.6,19.4
4354060041,8.2,7.5,8.6,24.3
4354060046,5.8,6.0,6.5,18.3
4354060541,8.3,7.1,7.0,22.4
4354060057,6.96,7.26,7.38,21.6
4354060059,7.2,6.7,6.6,20.5
4354060065,6.74,6.64,7.36,20.74
4354060069,6.86,7.64,6.38,20.88
4354060071,6.5,8.2,7.8,22.5
4354060085,6.8,6.7,6.8,20.3
4354060542,7.6,6.3,7.9,21.8
4354060090,5.93,6.37,6.27,18.57
4354060091,7.5,7.16,7.76,22.42
4354060543,6.7,7.2,5.7,19.6
4354060096,6.3,6.24,5.62,18.16
4354060493,7.9,8.4,9.0,25.3
4354060482,5.5,6.5,7.5,19.5
4354060517,6.2,6.4,7.3,19.9
4354060113,6.7,8.2,6.9,21.8
4354060111,7.12,6.92,6.3,20.34
4354060115,6.06,6.6,6.14,18.8
4354060117,6.6,6.74,7.26,20.6
4354060119,7.3,6.9,7.5,21.7
4354060130,5.9,7.4,6.5,19.8
4354060546,6.9,7.2,7.5,21.6
4354060139,6.06,6.62,5.94,18.62
4354060550,5.9,7.4,7.0,20.3
4354060142,5.9,6.32,6.96,19.18
4354060143,7.9,8.0,7.5,23.4
4354060144,6.36,7.38,5.82,19.56
4354060151,6.6,7.1,6.2,19.9
4354060155,6.92,7.14,6.18,20.24
4354060167,6.54,6.84,6.52,19.9
4354060172,6.56,6.52,6.2,19.28
4354060176,6.52,7.28,7.66,21.46
4354060594,7.9,7.4,7.4,22.7
4354060183,6.07,7.93,6.4,20.4
4354060191,5.43,6.33,7.2,18.96
4354060192,7.1,7.4,6.3,20.8
4354060197,7.04,8.08,8.1,23.22
4354060199,6.8,5.7,7.5,20.0
4354060203,5.42,6.58,5.74,17.74
4354060498,6.4,6.5,6.0,19.4
4354060206,5.5,7.94,5.66,19.1
4354060211,5.57,6.67,6.6,18.84
4354060595,6.1,7.2,8.0,21.3
4354060212,6.4,7.2,6.1,19.7
4354060213,7.12,6.54,6.96,20.62
4354060585,7.0,7.8,5.0,19.8
4354060519,6.4,8.0,6.4,21.05
4354060485,6.9,7.7,7.4,22.0
4354060225,7.2,6.62,6.32,20.14
4354060228,6.4,6.0,7.1,19.5
4354060499,7.2,8.1,7.1,22.3
4354060252,7.23,7.9,7.57,22.7
4354060255,6.18,6.1,6.42,18.7
4354060264,6.17,7.17,6.9,20.24
4354060275,6.0,6.6,7.4,20.0
4354060276,6.0,7.3,6.8,20.1
4354060284,8.46,8.56,6.94,23.96
4354060288,7.37,6.77,5.53,19.67
4354060516,6.5,6.4,6.6,19.5
4354060503,7.3,5.6,7.4,20.3
4354060296,6.9,6.9,7.34,21.14
4354060297,6.6,6.8,6.3,19.7
4354060300,6.3,6.8,6.0,19.1
4354060301,6.5,7.0,7.4,20.9
4354060306,6.74,7.26,6.34,20.34
4354060309,9.4,7.7,8.8,25.9
4354060310,8.42,8.42,8.56,25.4
4354060496,6.7,7.3,6.6,20.6
4354060320,6.6,8.12,7.18,21.9
4354060324,6.0,7.67,5.8,19.47
4354060528,7.02,6.08,6.02,19.12
4354060596,6.5,6.8,7.2,20.5
4354060332,6.7,6.96,6.32,19.98
4354060529,6.8,6.1,7.8,20.7
4354060333,6.46,5.88,6.64,18.98
4354060339,6.26,7.02,7.56,20.84
4354060345,6.3,7.1,6.4,19.8
4354060346,6.4,8.3,6.43,21.13
4354060368,7.32,6.6,7.82,21.74
4354060371,7.5,7.9,7.1,22.5
4354060380,5.3,8.1,6.7,20.1
4354060383,6.22,7.46,5.54,19.22
4354060384,7.1,6.7,6.5,20.3
4354060488,6.4,6.6,7.2,20.2
4354060389,6.9,7.1,8.0,22.0
4354060570,6.0,7.3,6.4,19.7
4354060393,6.56,6.36,6.04,18.96
4354060396,6.87,8.57,7.07,22.51
4354060397,7.0,7.2,7.3,21.5
4354060399,5.4,7.57,5.7,18.67
4354060400,6.76,7.7,6.78,21.24
4354060402,6.68,5.82,6.6,19.1
4354060405,7.68,7.68,7.68,23.04
4354060409,7.08,7.66,7.44,22.18
4354060410,7.4,7.4,6.6,21.4
4354060412,6.0,8.2,6.2,20.4
4354060416,6.3,6.27,6.67,19.24
4354060421,7.3,7.7,7.8,22.8
4354060425,7.74,8.58,6.6,22.92
4354060431,5.8,7.07,5.2,18.07
4354060432,7.5,7.5,7.4,22.4
4354060434,6.6,8.1,8.5,23.2
4354060435,6.87,8.37,8.1,23.34
4354060440,6.9,6.9,7.5,21.3
4354060478,6.3,6.4,6.8,19.5
4354060446,6.24,8.14,7.26,21.64
4354060452,6.8,7.5,6.3,20.6
4354060495,7.1,5.7,6.4,19.0
4354060458,7.66,7.48,8.34,23.48
4354060469,5.4,6.95,7.25,19.6
4354060518,8.5,7.3,8.3,24.0
4354060475,6.42,7.26,7.22,20.9
4354060491,6.9,6.9,6.6,20.4
4354070001,7.06,7.08,7.54,21.68
4354070779,5.6,6.6,7.2,19.4
4354070016,7.1,6.7,6.7,20.5
4354070840,6.25,7.8,4.8,18.85
4354070027,7.2,5.84,7.72,20.76
4354070743,7.4,6.4,7.0,20.8
4354070875,8.3,7.2,7.6,23.1
4354070041,6.44,6.18,7.24,19.86
4354070763,6.7,5.7,7.3,19.7
4354070043,6.86,6.2,7.84,20.9
4354070049,6.3,7.6,7.1,21.0
4354070052,6.06,7.0,6.2,19.26
4354070053,6.38,6.96,6.84,20.18
4354070878,6.7,6.6,6.6,19.9
4354070062,5.5,7.3,6.0,18.8
4354070689,6.9,8.4,7.5,22.8
4354070874,6.5,6.3,6.9,19.7
4354070843,8.0,7.8,5.4,21.2
4354070072,7.0,8.6,7.4,23.0
4354070075,5.3,7.6,6.5,19.4
4354070880,7.3,6.4,7.7,21.4
4354070078,7.04,7.2,6.06,20.3
4354070081,8.3,8.5,8.1,24.9
4354070083,7.3,6.4,7.7,21.4
4354070844,7.2,6.5,6.5,20.2
4354070090,5.4,7.9,6.0,19.3
4354070094,6.9,7.7,7.5,22.1
4354070096,5.87,7.33,7.4,20.6
4354070098,8.2,8.1,8.5,24.8
4354070762,5.7,6.6,6.5,18.8
4354070691,6.0,5.6,6.2,17.8
4354070105,5.9,7.3,7.8,21.0
4354070692,5.7,6.6,7.1,19.4
4354070789,7.2,6.2,7.1,20.5
4354070114,6.9,6.76,7.02,20.68
4354070123,5.9,6.8,8.1,20.8
4354070127,8.1,7.4,6.6,22.1
4354070131,7.1,7.3,5.9,20.3
4354070133,6.6,7.2,7.4,21.2
4354070142,5.95,6.45,7.7,20.1
4354070145,5.3,7.5,6.9,19.7
4354070146,5.9,6.67,6.97,19.54
4354070695,7.6,7.3,7.1,22.0
4354070165,7.12,6.74,7.72,21.58
4354070697,6.7,6.3,7.9,20.9
4354070746,8.3,7.7,7.7,23.7
4354070169,5.8,5.6,7.6,19.0
4354070170,6.94,6.44,6.22,19.6
4354070175,6.2,7.3,8.0,21.5
4354070186,7.6,7.0,7.5,22.1
4354070794,7.8,6.4,7.2,21.4
4354070190,6.7,7.1,7.6,21.4
4354070191,6.23,5.93,6.1,18.26
4354070699,6.7,7.6,7.7,22.0
4354070202,5.9,6.6,7.3,19.8
4354070207,7.76,6.76,6.88,21.4
4354070213,6.86,6.76,6.62,20.24
4354070217,7.03,6.1,6.63,19.76
4354070797,5.7,6.8,6.1,18.6
4354070701,7.6,7.0,8.7,23.3
4354070224,7.5,7.9,7.2,22.6
4354070231,5.34,7.16,6.9,19.4
4354070233,6.9,7.62,6.98,21.5
4354070800,6.5,6.5,7.2,20.2
4354070241,6.96,6.84,8.14,21.94
4354070243,7.9,7.7,6.4,22.0
4354070244,6.7,6.96,7.2,20.86
4354070255,6.12,6.46,5.34,17.92
4354070704,7.7,7.9,8.2,23.8
4354070258,7.37,7.3,6.63,21.3
4354070260,6.67,6.27,6.73,19.67
4354070262,7.6,6.9,5.1,19.6
4354070264,6.9,7.0,6.1,20.0
4354070265,8.4,6.5,7.7,22.6
4354070268,5.26,6.64,7.24,19.14
4354070706,6.93,7.33,7.63,21.89
4354070802,7.0,7.4,7.4,21.8
4354070881,6.8,7.0,6.0,19.8
4354070280,6.94,8.58,7.14,22.66
4354070288,7.0,8.06,8.16,23.22
4354070295,7.18,6.14,7.7,21.02
4354070298,7.1,7.4,6.76,21.26
4354070301,6.14,5.54,6.16,17.84
4354070872,7.1,5.2,7.1,19.4
4354070305,6.62,6.52,7.46,20.6
4354070306,7.04,6.58,7.34,20.96
4354070708,7.4,7.7,7.8,22.9
4354070709,6.7,6.37,7.23,20.3
4354070710,5.8,5.98,6.54,18.32
4354070314,6.42,6.8,7.24,20.46
4354070317,7.1,7.3,6.5,20.9
4354070854,6.75,6.6,4.0,17.35
4354070321,7.04,6.22,5.94,19.2
4354070324,7.22,7.88,8.0,23.1
4354070327,7.32,7.18,7.52,22.02
4354070330,7.2,7.8,7.5,22.5
4354070334,6.82,7.02,7.18,21.02
4354070339,8.1,8.0,8.5,24.6
4354070341,7.97,7.1,6.3,21.37
4354070345,6.23,6.7,6.93,19.86
4354070346,6.2,6.3,7.0,19.5
4354070347,6.7,6.9,7.1,20.7
4354070712,7.07,7.67,8.1,22.84
4354070354,6.54,7.14,8.46,22.14
4354070356,7.1,6.7,6.8,20.6
4354070358,6.6,7.7,6.9,21.2
4354070810,6.8,5.75,6.8,19.35
4354070713,7.0,8.2,8.0,23.2
4354070367,5.68,6.84,6.16,18.68
4354070368,7.0,6.9,6.2,20.1
4354070370,6.56,6.08,5.74,18.38
4354070812,6.2,5.75,7.05,19.0
4354070373,6.9,7.9,8.0,22.8
4354070813,7.3,7.3,8.0,22.6
4354070376,7.4,6.3,7.0,20.7
4354070379,6.75,6.95,6.7,20.4
4354070381,7.16,6.72,7.68,21.56
4354070815,6.4,6.8,8.2,21.4
4354070739,6.2,6.1,8.1,20.4
4354070389,7.4,7.1,6.1,20.6
4354070393,8.04,7.56,8.56,24.16
4354070716,5.8,6.7,7.7,20.2
4354070394,7.4,5.9,6.8,20.1
4354070396,6.7,7.7,6.5,20.9
4354070816,5.9,6.9,6.1,18.9
4354070409,7.3,8.3,6.6,22.2
4354070410,7.0,6.7,6.1,19.8
4354070817,6.8,7.2,7.0,21.0
4354070818,5.1,7.0,7.1,19.2
4354070714,6.32,6.82,7.5,20.64
4354070426,7.2,6.3,7.6,21.1
4354070425,6.14,5.2,7.76,19.1
4354070427,7.32,6.64,6.14,20.1
4354070429,7.1,7.6,8.3,23.0
4354070435,5.9,6.48,6.78,19.16
4354070440,6.86,7.0,7.12,20.98
4354070442,6.2,6.28,6.74,19.22
4354070448,6.5,8.0,7.8,22.3
4354070450,7.1,7.1,6.9,21.1
4354070719,6.0,7.1,7.1,20.2
4354070453,5.7,8.2,5.7,19.6
4354070722,6.0,6.8,7.0,19.8
4354070745,8.9,7.9,8.0,24.8
4354070465,6.84,6.34,7.08,20.26
4354070466,7.22,6.8,6.16,20.18
4354070470,7.67,5.8,6.53,20.0
4354070471,6.38,6.52,6.72,19.62
4354070476,6.77,7.53,6.23,20.53
4354070478,6.7,7.3,8.1,22.1
4354070484,6.36,4.98,7.32,18.66
4354070862,6.5,7.2,5.6,19.3
4354070487,7.36,8.04,8.2,23.6
4354070738,6.67,6.7,6.27,19.64
4354070491,7.6,6.6,7.9,22.1
4354070492,6.5,7.1,7.1,20.7
4354070496,7.04,7.76,6.84,21.64
4354070500,6.9,5.83,6.4,19.13
4354070504,8.2,7.6,8.07,23.87
4354070510,7.34,7.16,6.1,20.6
4354070511,7.57,7.13,7.03,21.73
4354070512,6.72,7.14,6.76,20.62
4354070873,5.62,5.78,6.72,18.12
4354070883,5.8,6.1,5.7,17.6
4354070825,7.3,8.0,7.6,22.9
4354070520,8.06,8.62,8.96,25.64
4354070521,5.0,7.0,5.9,17.9
4354070529,7.16,6.84,7.18,21.18
4354070530,6.06,6.6,6.96,19.62
4354070535,7.7,7.6,8.3,23.6
4354070827,7.6,7.7,7.8,23.1
4354070537,6.1,4.6,7.3,18.0
4354070546,7.16,6.4,6.7,20.26
4354070547,8.1,7.4,7.3,30.1
4354070549,7.0,6.8,7.2,21.0
4354070828,6.4,6.3,8.0,20.7
4354070551,5.62,6.18,6.12,17.92
4354070553,6.48,6.92,7.72,21.12
4354070556,5.9,5.37,6.47,17.74
4354070561,7.04,7.0,6.44,20.48
4354070566,6.8,5.84,6.88,19.52
4354070570,6.9,6.9,6.5,20.3
4354070576,8.3,8.6,8.3,25.2
4354070578,7.5,7.64,7.32,22.46
4354070742,6.9,6.0,7.9,20.8
4354070830,7.1,7.1,5.7,19.9
4354070583,7.1,6.2,6.6,19.9
4354070727,7.7,6.4,7.8,21.9
4354070588,6.4,6.0,7.03,19.43
4354070590,7.2,7.14,7.44,21.78
4354070592,7.3,7.07,6.83,21.2
4354070593,7.1,6.66,6.3,20.06
4354070598,6.9,7.6,6.8,21.3
4354070599,6.12,6.62,7.34,20.08
4354070605,6.9,7.8,7.2,21.9
4354070608,6.52,7.54,7.46,21.52
4354070610,6.72,6.12,7.3,20.14
4354070613,6.42,5.88,6.18,18.48
4354070614,6.4,7.4,6.2,20.0
4354070615,8.1,8.1,7.8,24.0
4354070617,6.37,7.03,6.17,19.57
4354070879,7.0,7.8,6.7,21.5
4354070622,7.0,6.1,6.5,19.6
4354070867,7.5,7.0,3.6,18.1
4354070627,6.8,7.5,7.4,21.7
4354070628,6.9,6.1,6.8,19.8
4354070741,6.0,6.8,6.7,19.5
4354070882,6.6,6.5,7.6,20.1
4354070631,6.66,6.82,6.96,20.44
4354070635,5.8,6.48,5.7,17.98
4354070777,6.7,5.13,6.7,18.53
4354070639,6.97,6.37,6.33,19.67
4354070740,7.5,7.6,7.3,22.4
4354070646,7.73,6.13,6.9,20.76
4354070647,6.68,5.7,7.12,19.5
4354070651,6.0,6.2,6.8,19.0
4354070653,6.44,6.78,6.8,20.02
4354070655,5.88,7.38,7.26,20.52
4354070659,6.54,6.32,7.88,20.74
4354070660,7.14,6.2,7.3,20.64
4354070668,6.63,7.27,6.17,20.07
4354070672,6.26,6.74,5.96,18.96
4354070677,7.24,7.04,6.32,20.6
4354070736,8.4,7.5,7.8,23.7
4354070870,7.5,3.8,3.2,14.5
4354070871,6.0,6.6,5.7,18.3
4354080057,6.6,7.2,6.7,20.5
4354080060,7.5,7.7,7.9,26.1
4354080026,6.08,6.12,7.08,19.28
4354080028,6.9,6.24,6.16,19.3
4354080065,6.8,6.1,8.2,21.1
4354080059,6.8,6.6,7.0,20.4
4354080051,8.9,8.5,9.3,26.7
4354080052,6.0,6.1,6.2,18.3
4354080055,7.68,6.94,6.74,21.36
4356010037,9.0,8.4,8.5,25.9
4356010006,8.0,7.5,8.8,24.3
4356010009,8.8,8.6,8.1,25.5
4356010013,8.1,8.4,8.0,24.5
4356010016,8.74,9.42,9.06,27.22
4356010020,8.7,8.6,8.3,25.6
4356010038,8.6,8.7,8.3,25.6
4356010024,7.68,8.44,7.94,24.06
4356010025,8.26,7.34,8.08,23.68
4356010027,8.1,9.2,9.0,26.3
4356010030,8.24,8.74,8.8,25.78
4356020008,8.1,9.6,9.0,26.7
4356050018,6.4,7.4,8.26,22.06
4356050037,6.52,6.26,6.82,19.6
4356050038,6.28,7.12,7.8,21.2
4356050042,6.44,6.86,6.94,20.24
4356050045,6.6,6.3,5.4,18.3
4356050059,6.5,6.6,6.8,19.9
4356050060,8.0,8.2,8.6,24.8
4356050061,6.1,7.4,7.5,21.0
4356050056,6.1,7.7,7.4,21.2
4356060001,6.98,5.54,6.56,19.08
4356060003,6.9,7.7,8.3,22.9
4356060052,6.0,6.0,8.0,20.0
4356060055,6.8,7.94,7.94,22.68
4356060010,7.36,8.1,7.5,22.96
4356060012,5.1,7.5,8.0,20.6
4356060013,7.08,8.05,8.04,23.17
4356060053,6.6,7.1,7.9,21.6
4356060019,6.26,7.42,7.34,21.02
4356060048,7.3,6.9,8.3,22.5
4356060025,8.26,8.02,7.8,24.08
4356060033,7.26,8.32,8.74,24.32
4356060034,7.2,7.44,7.88,22.52
4356060050,6.7,6.8,6.6,20.1
4356060037,7.5,8.0,8.2,23.7
4356060042,7.01,7.02,6.05,20.08
4356060049,7.2,7.8,8.1,23.1
4356080001,8.06,8.44,7.34,23.84
4356080086,7.5,8.0,8.25,23.75
4356080066,6.36,8.08,7.7,22.14
4356080008,8.0,8.87,8.37,25.24
4356080009,6.87,7.93,8.6,23.4
4356080010,6.5,7.9,7.6,22.0
4356080067,5.3,8.2,7.3,20.8
4356080101,7.7,9.2,7.7,24.6
4356080012,7.9,8.1,8.7,24.7
4356080056,6.9,7.1,6.7,20.7
4356080013,7.6,8.5,8.3,24.4
4356080094,6.6,6.5,7.1,20.2
4356080057,6.04,6.01,7.09,19.14
4356080074,6.8,8.1,7.2,22.1
4356080075,5.6,5.1,6.0,16.7
4356080023,6.5,6.0,7.8,20.3
4356080076,6.4,7.2,7.8,21.4
4356080029,8.06,7.16,6.72,21.94
4356080080,6.4,6.9,7.2,20.5
4356080081,5.1,6.5,7.3,18.9
4356080042,6.4,5.5,6.7,18.6
4356080044,8.26,7.34,8.08,23.68
4356080069,6.9,7.0,7.3,21.2
4356080051,7.6,8.5,7.0,23.1
4356090002,7.27,7.07,7.27,21.61
4356090130,6.2,7.4,7.4,21.0
4356090148,6.5,5.5,8.0,20.0
4356090008,7.4,8.1,6.4,21.9
4356090012,7.2,7.9,8.9,24.0
4356090149,7.75,6.0,8.5,22.25
4356090120,6.9,7.9,8.2,23.0
4356090151,8.0,4.0,7.75,19.75
4356090028,7.0,7.3,7.6,21.9
4356090044,6.82,7.3,7.8,21.92
4356090135,6.6,8.2,7.9,22.7
4356090048,6.4,7.0,8.3,21.7
4356090052,6.93,8.43,7.83,23.19
4356090053,6.52,7.62,6.9,21.04
4356090121,6.1,7.43,7.47,21.0
4356090065,5.9,6.97,7.1,19.97
4356090126,6.6,6.9,7.5,21.0
4356090122,6.5,6.5,7.7,20.7
4356090067,7.0,8.3,8.1,23.4
4356090069,7.1,9.0,9.0,25.1
4356090143,5.7,8.2,7.0,20.9
4356090090,7.4,7.93,7.97,23.3
4356090094,7.58,7.7,7.28,22.56
4356090128,6.7,7.0,8.0,21.4
4356090105,7.44,6.2,6.72,20.36
4356090106,5.94,6.84,5.36,18.14
4356090147,6.1,6.6,7.8,20.5
4356090110,6.5,6.3,6.2,19.0
4356090124,6.64,7.78,7.5,21.92
4356090125,7.2,7.5,7.7,22.4
4356090114,6.4,6.7,7.6,20.7
4356100183,7.6,7.5,7.0,22.1
4356100007,6.68,6.88,5.94,19.5
4356100163,5.75,5.0,6.25,17.0
4356100011,7.63,6.9,7.93,22.46
4356100013,6.46,8.26,7.38,22.1
4356100014,6.7,8.1,8.5,23.3
4356100018,5.7,5.7,7.0,18.4
4356100019,6.6,7.2,6.8,20.6
4356100025,5.94,7.38,7.72,21.04
4356100146,5.4,6.2,8.0,19.6
4356100026,7.5,7.1,7.6,22.2
4356100165,6.25,3.75,6.25,16.25
4356100184,6.5,5.8,7.2,19.5
4356100148,6.75,3.5,5.75,16.0
4356100151,6.9,7.3,7.6,21.8
4356100141,6.75,4.5,7.25,18.5
4356100122,6.75,4.75,7.75,19.25
4356100152,6.5,6.5,8.4,21.4
4356100140,7.0,8.2,7.7,22.9
4356100049,6.43,8.57,6.17,21.17
4356100123,5.0,7.2,7.0,19.2
4356100055,5.8,7.3,7.8,20.9
4356100062,6.38,7.68,7.1,21.16
4356100076,5.64,6.64,6.58,18.86
4356100078,6.12,7.3,7.28,20.7
4356100126,6.8,4.8,7.6,19.2
4356100084,7.83,7.77,8.5,24.1
4356100089,5.42,6.12,6.9,18.44
4356100157,6.3,7.8,8.5,22.6
4356100177,7.25,4.5,9.5,21.25
4356100158,7.5,7.6,7.6,22.7
4356100099,6.0,6.16,6.44,18.6
4356100100,7.3,8.2,8.2,23.7
4356100182,6.8,7.7,8.9,23.5
4356100159,6.06,6.09,6.0,18.15
4356100104,6.1,7.8,7.5,21.4
4356100161,6.0,5.7,6.8,18.5
4356100130,7.0,7.3,8.3,22.6
4356100131,6.25,4.5,7.75,18.5
4356100116,7.1,8.2,8.5,23.8
4356100117,6.62,5.84,6.26,18.72
4356110002,6.1,6.2,6.5,18.8
4356110020,6.4,6.9,7.0,20.3
4356120002,6.1,6.5,7.4,20.0
4356120004,8.2,7.3,8.8,24.3
4356120254,6.25,4.0,8.0,18.25
4356120009,6.2,7.7,7.1,21.0
4356120255,6.3,6.97,5.7,18.97
4356120256,5.22,6.0,6.54,17.76
4356120013,6.14,6.54,6.66,19.34
4356120258,7.6,8.0,8.8,24.4
4356120360,5.0,5.6,8.0,18.6
4356120033,6.66,6.42,7.44,20.52
4356120259,6.1,7.9,7.4,21.4
4356120260,6.9,7.9,7.7,22.5
4356120038,5.74,6.66,7.22,19.62
4356120041,6.0,7.7,8.7,22.4
4356120261,7.56,7.72,8.42,23.7
4356120300,6.0,5.75,7.25,19.0
4356120054,5.5,7.3,7.9,20.7
4356120055,7.0,7.93,7.9,22.83
4356120056,6.7,7.48,7.32,21.5
4356120291,7.0,8.1,8.3,23.65
4356120060,5.4,6.2,7.2,18.8
4356120328,5.0,4.5,6.25,15.75
4356120301,6.3,8.8,6.3,21.4
4356120262,6.3,8.0,7.1,21.4
4356120284,6.9,6.4,7.4,20.7
4356120067,7.5,6.27,6.73,20.5
4356120070,6.5,6.88,7.62,21.0
4356120074,6.36,5.82,5.98,18.16
4356120075,6.88,6.98,7.24,21.1
4356120077,8.2,8.6,8.6,25.4
4356120078,6.33,6.33,6.37,19.03
4356120303,5.5,6.2,7.0,18.7
4356120304,6.7,6.3,6.8,19.8
4356120082,6.96,6.12,6.9,19.98
4356120331,6.5,5.75,7.5,19.75
4356120084,6.76,6.28,7.06,20.1
4356120137,7.0,6.2,5.4,18.6
4356120305,5.2,6.1,7.4,18.7
4356120358,7.1,7.9,9.0,24.0
4356120094,5.7,7.2,6.4,19.3
4356120285,8.6,7.8,8.9,25.3
4356120307,7.1,7.1,7.6,21.8
4356120265,5.75,3.75,8.5,18.0
4356120266,6.0,4.0,7.75,17.75
4356120359,8.0,8.6,7.2,23.8
4356120098,6.07,6.47,7.4,19.94
4356120295,6.8,6.8,6.8,20.4
4356120103,6.56,6.24,6.36,19.16
4356120309,6.09,7.04,6.09,19.22
4356120109,6.58,5.98,6.7,19.26
4356120110,6.3,7.9,6.8,21.0
4356120111,6.42,7.12,8.32,21.86
4356120112,6.02,6.1,7.48,19.6
4356120310,7.2,7.9,8.6,23.7
4356120117,6.48,7.02,7.36,20.86
4356120124,6.73,7.13,7.33,21.19
4356120356,8.3,8.4,8.4,25.1
4356120128,6.88,6.86,7.2,20.94
4356120130,5.66,6.62,6.48,18.76
4356120135,5.52,5.68,6.94,18.14
4356120141,6.57,7.0,6.7,20.27
4356120143,5.78,6.5,6.1,18.38
4356120269,8.25,3.75,8.5,20.5
4356120270,6.97,8.77,8.33,24.07
4356120146,6.63,6.63,7.4,20.66
4356120148,6.6,7.88,7.94,22.42
4356120271,6.5,6.8,6.1,19.4
4356120338,4.75,4.75,8.25,17.75
4356120272,6.5,8.2,8.3,23.0
4356120159,6.3,6.3,5.8,18.4
4356120289,6.83,8.3,7.3,22.43
4356120167,7.0,8.1,7.2,22.3
4356120169,6.6,7.4,7.6,21.6
4356120172,7.0,8.0,6.7,21.7
4356120176,6.38,6.34,7.54,20.26
4356120290,5.7,6.7,7.4,19.8
4356120341,6.75,6.0,6.5,19.25
4356120352,7.0,7.3,8.0,22.3
4356120342,5.0,6.25,9.0,20.25
4356120183,6.0,6.3,6.5,18.8
4356120275,7.2,6.9,7.2,21.3
4356120185,6.1,8.7,8.2,23.0
4356120195,5.5,7.0,6.6,19.1
4356120313,6.3,7.3,8.1,21.7
4356120205,6.83,7.0,6.47,20.3
4356120343,5.25,4.75,9.0,19.0
4356120314,6.8,6.5,7.1,20.4
4356120344,6.0,4.0,7.0,17.0
4356120213,7.7,5.6,8.5,21.8
4356120315,8.0,2.75,8.5,19.25
4356120230,6.1,7.6,8.0,21.7
4356120235,6.5,7.13,7.13,20.76
4356120237,6.36,8.16,7.26,21.78
4356120355,7.8,7.8,7.8,23.4
4356120320,5.3,6.3,7.0,18.6
4356120287,6.9,6.8,7.8,21.5
4356120245,5.6,6.3,7.0,18.9
4356120322,5.7,7.4,7.0,20.1
4356120246,5.47,5.93,6.63,18.03
4356120350,6.0,4.5,7.5,18.0
4356120282,7.3,8.4,8.5,24.2
4356120248,7.4,7.5,8.5,23.4
4356120253,6.52,5.68,7.28,19.48
4356130049,7.01,6.05,6.95,20.01
4356130004,7.1,8.5,9.1,24.7
4356130007,6.2,6.23,8.0,20.43
4356130014,6.93,8.73,7.77,23.43
4356130019,5.9,5.5,6.6,18.0
4356130021,6.0,6.9,7.0,19.9
4356130025,5.9,6.5,6.5,18.9
4356130026,6.64,7.86,6.68,21.18
4356130156,7.1,8.0,8.4,23.5
4356130031,6.52,7.26,7.7,21.48
4356130032,8.1,8.5,8.77,25.37
4356130034,6.87,5.73,7.13,19.73
4356130040,7.1,6.7,8.1,21.9
4356130041,6.53,7.17,7.3,21.0
4356130056,7.6,8.5,9.3,25.4
4356130058,7.94,8.42,8.12,24.48
4356130060,5.7,7.6,7.3,20.6
4356130065,6.0,6.5,6.8,19.3
4356130076,6.56,7.6,7.36,21.52
4356130085,6.6,6.6,7.3,20.5
4356130152,6.5,6.9,8.0,21.4
4356130149,6.3,7.3,7.95,21.55
4356130092,8.4,9.0,8.7,26.1
4356130113,7.1,8.6,8.8,24.5
4356130151,6.1,7.44,7.1,20.64
4356130117,5.63,7.83,7.1,20.56
4356130171,5.1,7.0,7.1,19.2
4356130164,6.5,7.4,8.2,22.1
4356130131,6.7,8.1,7.7,22.5
4356130153,6.7,6.4,6.5,19.6
4356130143,6.88,7.36,7.82,22.06
4357010093,7.4,9.5,8.9,34.7
4357010001,7.0,8.9,9.5,34.9
4357010141,8.1,9.27,8.1,33.57
4357010003,8.0,7.1,8.9,32.9
4357010008,7.1,8.7,9.0,33.8
4357010011,7.6,9.2,7.5,31.8
4357010012,6.8,9.1,9.2,34.3
4357010015,9.1,6.9,9.3,34.6
4357010018,8.1,8.1,8.7,33.6
4357010026,7.63,9.03,8.8,34.26
4357010027,7.9,8.8,8.4,33.5
4357010028,7.7,8.2,9.0,33.9
4357010031,8.3,9.0,8.6,34.5
4357010132,8.4,8.0,8.7,33.8
4357010032,7.9,9.4,8.7,34.7
4357010034,7.9,8.1,8.0,32.0
4357010036,7.4,8.8,8.0,32.2
4357010039,8.1,8.8,7.7,32.3
4357010043,7.22,9.0,8.78,33.78
4357010044,7.42,9.62,9.04,35.12
4357010046,7.6,8.0,7.7,31.0
4357010048,7.06,8.66,8.56,32.84
4357010049,7.8,9.0,8.3,33.4
4357010052,7.33,7.8,8.97,33.07
4357010053,7.0,8.4,8.3,32.0
4357010058,8.67,7.93,8.23,33.06
4357010063,8.6,7.92,7.6,31.72
4357010064,7.1,8.9,7.9,31.8
4357010066,6.96,8.52,8.98,33.44
4357010068,7.6,8.2,7.7,31.2
4357010070,7.4,8.6,8.7,33.4
4357010080,7.5,8.8,8.9,34.1
4357010081,8.5,7.4,8.5,32.9
4357010082,7.2,8.9,8.3,32.7
4357010084,7.6,8.1,8.6,32.9
4357010085,8.0,9.0,7.6,32.2
4357010135,6.9,8.2,8.5,32.1
4357010140,7.4,8.8,9.0,25.7
4357010149,8.9,7.2,8.9,25.0
4357010089,7.5,8.9,8.9,34.2
4357010142,7.6,8.0,8.3,24.15
4357010091,8.5,8.5,9.8,36.6
4357010092,8.0,7.5,8.8,33.1
4357010094,8.7,8.7,8.4,34.2
4357010099,8.2,8.2,9.2,34.8
4357010100,7.2,8.0,8.6,32.4
4357010104,8.76,8.7,8.56,34.58
4357010105,6.8,9.2,8.3,32.6
4357010106,9.1,8.7,8.0,33.8
4357010107,7.6,8.2,8.7,33.2
4357010138,8.2,8.6,9.0,25.8
4357010109,7.96,8.3,8.7,33.66
4357010112,8.0,9.0,7.7,32.4
4357010113,7.8,8.6,7.6,31.6
4357010114,7.7,8.1,8.4,32.6
4357010120,7.5,8.9,7.8,32.0
4357010121,8.0,8.6,7.9,32.4
4357010125,7.7,9.2,9.0,34.9
4357010136,7.1,8.83,8.03,31.99
4357510001,5.96,7.82,7.16,28.1
4357510668,6.34,6.58,6.98,20.16
4357510005,7.7,7.6,6.9,29.1
4357510738,7.25,7.4,6.8,21.19
4357510022,7.22,7.48,8.3,31.3
4357510657,6.1,6.5,6.5,19.2
4357510026,7.0,5.84,7.38,27.6
4357510606,7.2,8.8,7.9,31.8
4357510030,7.68,7.8,7.92,31.32
4357510739,6.25,8.0,4.0,16.69
4357510032,6.3,6.36,6.54,25.74
4357510673,7.1,7.5,7.8,22.65
4357510034,6.5,7.37,7.8,29.47
4357510037,6.82,7.18,6.38,26.76
4357510040,6.9,7.6,8.4,31.3
4357510776,5.6,5.6,6.7,17.9
4357510045,8.14,8.3,8.92,34.28
4357510046,7.4,6.9,6.5,27.3
4357510054,6.52,5.9,7.24,26.9
4357510057,6.23,6.3,7.7,27.93
4357510609,6.2,7.4,6.3,26.2
4357510061,5.5,5.3,7.0,24.8
4357510069,6.84,6.56,8.42,30.24
4357510070,7.9,7.0,6.5,27.9
4357510071,7.48,7.9,6.76,28.9
4357510072,6.66,6.6,6.62,26.5
4357510077,6.9,6.86,6.66,27.08
4357510079,6.56,7.78,6.9,28.14
4357510743,6.5,6.75,6.2,19.24
4357510080,7.2,7.63,7.03,28.89
4357510610,7.66,8.84,8.1,32.7
4357510083,7.42,7.06,7.72,29.92
4357510084,6.36,7.62,8.44,30.86
4357510611,6.93,7.33,7.4,29.06
4357510653,8.0,7.5,8.8,24.3
4357510090,6.43,7.0,6.03,25.49
4357510093,7.2,7.96,7.04,29.24
4357510097,8.4,7.3,8.0,31.7
4357510101,7.2,5.72,8.04,29.0
4357510102,7.6,7.2,7.4,29.6
4357510103,7.6,8.1,6.54,28.78
4357510107,6.34,6.9,5.74,24.72
4357510115,6.83,8.1,7.3,29.53
4357510116,7.7,8.6,8.2,32.7
4357510119,7.2,7.8,6.8,28.6
4357510120,7.27,7.07,8.27,30.88
4357510683,8.0,7.0,7.7,22.8
4357510129,6.8,8.6,6.8,29.0
4357510130,6.5,6.27,6.13,25.03
4357510132,7.5,9.0,8.2,32.9
4357510135,6.27,7.5,7.67,29.11
4357510136,6.48,8.0,8.3,31.08
4357510139,6.64,6.66,6.58,26.46
4357510141,7.08,7.88,8.36,31.68
4357510143,5.77,7.23,6.73,26.46
4357510152,7.1,7.97,8.07,31.21
4357510127,5.46,7.5,7.52,28.0
4357510617,6.36,8.22,7.08,28.74
4357510159,6.8,6.48,7.36,28.0
4357510160,6.73,7.23,7.53,29.02
4357510782,8.0,6.7,6.2,20.9
4357510173,6.37,7.03,7.73,28.86
4357510620,7.9,7.3,7.5,30.2
4357510177,6.7,7.34,8.24,30.52
4357510748,4.0,5.8,5.4,15.45
4357510178,7.84,6.56,6.2,26.8
4357510179,7.27,8.47,9.77,35.28
4357510183,6.92,6.9,7.14,28.1
4357510622,8.1,8.2,5.5,27.27
4357510185,8.4,9.2,9.4,36.4
4357510186,7.1,6.6,7.4,28.5
4357510193,7.4,8.8,6.9,30.0
4357510196,7.0,7.6,7.38,29.36
4357510199,8.6,7.9,6.7,29.9
4357510694,7.3,7.8,6.3,20.77
4357510202,6.83,7.83,8.5,31.66
4357510204,7.1,8.3,6.9,29.2
4357510623,6.6,7.7,7.7,29.7
4357510209,6.4,7.6,7.7,29.4
4357510219,7.9,6.0,8.2,30.3
4357510751,7.25,6.8,4.4,18.45
4357510223,6.8,6.54,6.48,26.3
4357510226,7.76,7.16,8.36,31.64
4357510234,6.47,7.77,7.5,29.24
4357510654,7.03,6.07,7.9,21.0
4357510236,6.34,5.96,7.68,27.66
4357510238,6.86,7.06,8.0,29.92
4357510696,6.5,8.7,6.5,21.15
4357510242,7.7,6.7,8.6,31.6
4357510752,7.5,8.0,4.0,17.63
4357510786,5.6,6.5,6.0,18.1
4357510248,7.86,8.96,7.4,31.62
4357510628,6.5,6.9,7.6,28.6
4357510250,6.0,6.22,7.06,26.34
4357510259,5.5,7.02,5.94,24.4
4357510268,7.34,6.48,7.8,29.42
4357510629,7.02,7.72,7.12,28.98
4357510270,8.4,9.4,8.7,35.2
4357510271,6.04,7.0,8.42,29.88
4357510273,5.2,6.5,6.5,24.7
4357510275,7.06,8.42,6.68,28.84
4357510280,6.84,8.16,7.44,29.88
4357510282,7.5,7.7,6.2,27.6
4357510284,6.04,6.2,7.0,26.24
4357510289,6.3,7.0,6.8,26.9
4357510290,7.1,7.62,7.1,28.92
4357510630,7.4,7.5,8.2,31.3
4357510754,7.0,6.8,4.2,16.65
4357510703,6.5,8.25,5.0,18.56
4357510310,7.0,7.7,7.0,28.7
4357510316,7.3,8.1,7.5,30.4
4357510320,7.6,8.37,7.4,30.77
4357510323,6.26,8.02,6.9,28.08
4357510632,6.77,6.33,7.77,28.64
4357510634,7.2,8.7,8.8,33.5
4357510756,6.5,5.4,4.8,16.13
4357510347,6.86,7.02,6.98,27.84
4357510708,7.7,7.0,8.5,23.77
4357510348,7.98,7.42,6.44,28.28
4357510349,6.4,7.7,7.3,28.7
4357510350,6.84,5.9,5.66,24.06
4357510635,7.5,7.5,8.1,31.2
4357510356,7.14,7.98,7.16,29.44
4357510358,6.22,6.22,6.74,25.92
4357510359,6.7,7.38,5.52,25.12
4357510360,7.12,7.74,5.86,26.58
4357510361,7.4,6.7,7.7,29.5
4357510364,7.4,7.1,7.4,29.3
4357510366,7.12,7.24,6.9,28.16
4357510758,5.75,7.75,5.4,18.23
4357510368,6.6,7.4,8.2,30.4
4357510370,5.88,6.82,6.36,25.42
4357510374,7.43,7.1,8.5,31.53
4357510376,6.92,6.48,6.26,25.92
4357510377,6.8,6.1,6.2,25.3
4357510378,7.3,7.7,6.9,28.8
4357510382,6.54,5.54,6.94,25.96
4357510386,6.1,8.1,7.2,28.6
4357510736,7.0,6.6,7.9,21.5
4357510777,7.1,6.5,6.7,20.3
4357510390,8.6,8.0,8.7,34.0
4357510779,5.6,6.6,8.0,20.2
4357510397,5.67,6.77,6.67,25.78
4357510637,6.4,7.0,7.6,28.6
4357510663,7.2,8.4,8.5,24.45
4357510402,7.57,6.03,7.47,28.54
4357510714,8.9,7.8,7.4,23.62
4357510760,7.6,6.75,6.0,19.76
4357510408,6.46,5.96,8.0,28.42
4357510409,7.4,8.0,7.9,31.2
4357510413,7.32,6.38,7.04,27.78
4357510715,8.9,6.8,7.1,22.42
4357510716,8.3,6.2,7.6,22.27
4357510416,7.26,6.48,6.26,26.26
4357510417,7.98,6.26,7.58,29.4
4357510419,8.04,7.64,7.9,31.48
4357510422,7.24,7.58,7.38,29.58
4357510718,8.0,6.5,8.0,22.87
4357510783,5.6,7.3,6.6,19.5
4357510638,7.2,8.24,6.38,28.2
4357510424,6.82,7.52,7.42,29.18
4357510426,7.7,7.6,6.4,28.1
4357510429,7.68,6.72,8.02,30.44
4357510433,7.14,7.76,7.98,30.86
4357510785,6.6,6.3,7.7,20.3
4357510639,6.6,8.4,7.6,30.2
4357510444,6.44,6.98,6.32,26.06
4357510446,7.6,8.38,7.62,31.22
4357510447,6.4,7.27,6.3,26.27
4357510449,5.86,6.12,6.56,25.1
4357510451,8.0,8.4,8.4,33.2
4357510608,7.8,6.8,7.4,29.4
4357510720,8.6,7.4,7.7,23.55
4357510640,7.0,8.5,8.1,31.7
4357510458,7.0,7.1,7.8,29.7
4357510460,6.8,5.4,6.3,24.8
4357510462,7.23,7.7,6.53,27.99
4357510765,6.25,7.4,6.2,19.54
4357510723,7.3,6.0,7.6,21.37
4357510774,7.1,7.37,7.03,21.5
4357510724,6.5,5.7,7.6,20.55
4357510475,6.24,6.3,6.42,25.38
4357510780,6.5,7.2,5.5,19.2
4357510480,6.9,6.9,6.4,26.6
4357510725,8.3,7.8,8.5,24.82
4357510483,5.53,6.63,6.1,24.36
4357510487,6.9,7.3,5.5,25.2
4357510489,7.5,8.4,7.5,30.9
4357510493,8.4,7.5,7.9,31.7
4357510494,7.72,6.88,8.08,30.76
4357510497,6.2,7.36,6.54,26.64
4357510498,7.12,6.5,6.4,26.42
4357510499,7.78,7.8,7.46,30.5
4357510501,7.57,7.93,7.93,31.36
4357510502,8.23,7.03,8.37,32.0
4357510503,6.66,7.7,8.02,30.4
4357510504,7.0,8.03,7.77,30.57
4357510507,6.1,6.44,6.3,25.14
4357510643,6.6,7.3,7.4,28.7
4357510510,6.27,7.5,7.03,27.83
4357510512,6.12,5.74,6.98,25.82
4357510513,6.7,7.3,8.0,30.0
4357510523,8.32,7.88,8.42,33.04
4357510645,8.0,8.0,7.9,31.8
4357510530,6.9,7.94,7.7,30.24
4357510781,6.6,8.3,7.4,22.3
4357510769,8.25,9.25,8.6,26.03
4357510646,7.1,7.7,6.8,28.4
4357510539,7.82,7.48,8.92,33.14
4357510540,6.56,6.88,7.12,27.68
4357510543,6.83,8.43,7.57,30.4
4357510545,5.7,6.32,8.22,28.46
4357510550,7.26,6.68,6.72,27.38
4357510648,5.9,7.8,6.6,26.9
4357510552,7.4,8.28,7.28,30.24
4357510655,7.5,8.0,6.9,22.23
4357510772,7.0,6.75,5.0,17.81
4357510560,6.92,7.28,7.64,29.48
4357510562,6.07,7.73,6.93,27.66
4357510564,7.46,7.92,8.5,32.38
4357510566,7.13,7.73,7.9,30.66
4357510567,6.76,6.44,6.88,26.96
4357510570,7.28,7.44,7.06,28.84
4357510571,7.8,6.6,6.2,26.8
4357510732,6.6,7.3,7.1,21.07
4357510572,7.3,8.02,7.7,30.72
4357510778,6.0,6.5,5.9,18.4
4357510578,6.0,6.04,6.38,24.8
4357510775,7.7,7.1,7.6,22.4
4357510580,6.72,5.82,6.7,25.94
4357510787,7.3,6.9,5.7,19.2
4357510647,7.2,6.4,6.1,25.8
4357510587,6.17,6.8,6.0,24.97
4357510595,6.47,7.93,7.63,29.66
4357510599,7.4,6.87,6.83,27.93
4357510602,7.8,8.6,7.8,32.0
4357520002,6.2,6.14,5.76,18.1
4357520278,7.6,7.6,7.6,22.8
4357520003,6.2,8.0,8.4,22.6
4357520004,7.4,6.3,6.5,20.2
4357520006,6.23,7.97,7.07,21.27
4357520008,6.63,7.17,4.8,18.6
4357520283,7.3,8.2,6.1,21.6
4357520014,6.8,7.1,6.9,20.8
4357520015,7.7,7.28,6.5,21.48
4357520018,7.5,7.53,7.5,22.53
4357520019,7.42,6.62,6.46,20.5
4357520020,7.0,8.5,6.8,22.3
4357520026,7.74,6.66,7.14,21.54
4357520257,7.9,7.7,6.8,22.4
4357520036,7.53,7.3,6.6,21.43
4357520286,7.2,7.5,6.7,21.4
4357520040,8.2,8.8,8.4,25.4
4357520041,6.47,7.03,7.03,20.53
4357520042,6.63,7.37,6.3,20.3
4357520051,7.5,9.5,7.6,24.6
4357520273,7.7,6.6,7.6,21.9
4357520062,7.5,7.8,8.1,23.4
4357520063,6.0,6.4,6.34,18.74
4357520068,8.1,7.82,7.2,23.12
4357520070,7.14,7.2,6.68,21.02
4357520071,6.1,8.6,7.4,22.1
4357520074,6.83,8.4,6.4,21.63
4357520073,6.9,7.37,7.7,21.97
4357520075,6.1,6.1,6.0,18.2
4357520081,7.2,7.4,6.7,21.3
4357520085,6.9,8.3,7.7,22.9
4357520086,6.57,8.67,7.3,22.54
4357520090,7.47,6.07,7.6,21.14
4357520091,6.83,7.33,7.2,21.36
4357520317,7.0,8.0,5.2,20.2
4357520261,6.3,6.6,5.7,18.6
4357520100,7.6,8.1,6.8,22.5
4357520263,7.6,7.1,7.2,21.9
4357520264,7.25,6.5,3.8,17.55
4357520104,7.88,7.46,7.86,23.2
4357520109,6.02,6.56,6.76,26.48
4357520111,6.48,5.94,7.1,19.52
4357520118,7.23,7.93,7.6,22.76
4357520294,6.8,7.3,6.7,20.8
4357520127,7.3,7.9,7.3,22.5
4357520275,6.3,7.4,6.2,19.9
4357520133,6.1,7.2,7.2,20.5
4357520267,8.3,7.1,8.3,23.7
4357520139,6.32,7.34,6.76,20.42
4357520142,6.8,7.2,6.7,20.7
4357520144,6.7,7.1,6.6,20.4
4357520146,8.76,8.02,6.82,23.6
4357520150,7.4,7.8,7.1,22.3
4357520300,7.4,6.5,7.0,20.9
4357520157,6.0,7.4,7.7,21.1
4357520161,6.9,6.75,7.25,20.9
4357520277,7.3,6.4,7.1,20.8
4357520268,6.74,7.08,7.8,21.62
4357520167,7.6,7.4,5.2,20.2
4357520171,6.86,6.76,6.02,19.64
4357520172,7.06,7.46,6.68,21.2
4357520174,7.3,7.5,8.6,23.4
4357520180,6.2,7.4,7.9,21.5
4357520190,6.07,5.87,7.2,19.14
4357520195,7.3,8.4,7.4,23.1
4357520196,7.3,8.0,7.4,22.7
4357520197,6.94,6.08,6.24,19.26
4357520200,8.0,8.3,6.5,22.8
4357520208,6.7,6.8,6.3,19.8
4357520308,8.3,8.0,6.4,22.7
4357520211,7.5,7.9,7.0,22.4
4357520310,6.9,8.0,7.2,22.1
4357520217,6.13,7.8,6.2,20.13
4357520220,7.5,8.14,8.4,24.04
4357520221,6.2,7.83,6.43,20.46
4357520226,5.6,7.6,6.53,19.73
4357520239,7.2,7.66,6.94,21.8
4357520242,7.1,7.02,8.06,22.18
4357520248,7.2,7.7,7.2,22.1
4357520276,7.8,9.0,9.4,26.2
4357520253,7.6,8.0,7.0,22.6
4359010172,8.3,8.3,7.9,24.5
4359010173,8.0,8.2,8.5,24.7
4359010008,8.5,8.4,8.7,25.6
4359010012,8.0,9.2,8.47,25.67
4359010018,8.9,8.5,9.8,27.2
4359010019,7.23,8.87,9.13,25.23
4359010020,9.08,8.94,9.16,27.18
4359010175,6.9,8.6,9.0,24.5
4359010023,8.2,9.0,9.6,26.8
4359010024,8.6,9.2,7.5,25.3
4359010029,7.8,8.7,8.7,25.2
4359010030,7.5,8.7,8.0,24.2
4359010033,7.0,8.1,8.8,23.9
4359010038,8.1,8.9,7.9,24.9
4359010157,7.9,8.55,8.25,24.7
4359010040,8.4,8.5,9.2,26.1
4359010042,7.26,8.1,7.94,23.3
4359010049,7.8,8.7,8.6,25.1
4359010050,8.8,7.8,7.1,23.7
4359010168,8.5,8.0,7.8,24.3
4359010053,8.7,9.4,8.9,27.0
4359010054,8.1,7.2,8.0,23.3
4359010057,8.96,8.88,7.98,25.82
4359010058,8.2,7.9,8.7,24.8
4359010160,8.12,7.98,8.5,24.6
4359010060,8.85,8.45,9.1,26.4
4359010178,7.0,8.25,8.5,23.75
4359010063,8.02,8.2,8.58,24.8
4359010064,7.94,8.2,9.02,25.16
4359010066,6.5,8.8,8.4,23.7
4359010067,7.53,8.3,7.97,23.8
4359010069,8.35,7.7,7.65,23.7
4359010071,8.1,8.8,7.9,24.8
4359010180,7.7,8.9,8.6,25.2
4359010078,8.5,9.1,9.2,26.8
4359010193,8.7,7.0,8.7,24.4
4359010082,8.7,8.8,7.7,25.2
4359010085,7.1,8.2,8.8,24.1
4359010092,9.2,7.7,8.2,25.1
4359010093,8.0,8.2,9.4,25.6
4359010094,7.24,8.66,8.34,24.24
4359010163,7.0,8.4,8.6,24.0
4359010100,8.4,8.7,8.9,26.0
4359010101,8.3,7.7,7.7,23.7
4359010105,7.54,9.3,8.28,25.12
4359010108,6.8,8.25,8.6,23.65
4359010109,8.08,7.48,8.28,23.84
4359010164,8.25,8.25,8.75,25.25
4359010195,7.1,8.6,8.5,24.2
4359010112,8.6,8.7,8.6,25.9
4359010120,8.1,8.8,8.9,25.8
4359010126,8.7,9.1,8.4,26.2
4359010128,8.0,9.1,8.9,26.0
4359010130,8.0,8.7,8.3,25.0
4359010134,8.56,8.36,7.74,24.66
4359010135,8.8,9.1,8.3,26.2
4359010138,8.5,8.2,8.1,24.8
4359010166,8.1,8.0,9.2,25.3
4359010139,8.43,8.67,7.83,24.93
4359010140,7.7,9.05,8.95,25.7
4359010143,7.6,8.8,9.1,25.5
4359010144,8.1,6.9,8.5,23.5
4359010194,8.5,8.1,8.0,24.6
4359010153,7.9,9.12,8.34,25.36
4359010154,7.5,8.6,8.2,24.3
4359020036,8.0,7.8,9.0,24.8
4359020001,5.9,7.2,9.5,22.6
4359020048,6.1,7.3,9.0,22.4
4359020003,7.0,8.4,9.0,24.4
4359020004,6.9,7.7,9.0,23.6
4359020005,5.9,7.5,9.0,22.4
4359020043,6.7,9.0,9.0,25.27
4359020006,6.0,7.7,9.25,22.95
4359020007,6.4,7.2,9.25,22.85
4359020008,8.0,6.8,9.25,24.05
4359020009,8.2,7.5,9.25,24.95
4359020010,5.47,7.47,9.0,21.93
4359020011,6.32,7.52,9.25,23.09
4359020012,6.07,6.87,9.0,21.93
4359020014,6.5,7.4,9.0,22.9
4359020015,6.0,8.5,9.0,23.5
4359020017,8.8,6.7,9.0,24.5
4359020040,7.8,9.2,9.0,25.8
4359020019,7.1,6.9,9.5,23.5
4359020037,7.0,6.5,9.0,22.5
4359020020,6.4,8.3,9.25,23.95
4359020021,5.04,5.98,9.0,20.02
4359020023,7.6,6.3,9.0,22.9
4359020024,5.2,8.0,9.0,22.2
4359020039,6.7,6.8,9.25,22.75
4359020046,6.5,6.8,9.25,22.55
4359020025,7.23,7.73,9.25,24.22
4359020026,7.3,7.5,9.25,24.05
4359020028,6.4,7.9,9.25,23.55
4359020029,5.5,6.3,9.25,21.05
4359020044,7.4,8.0,9.0,25.05
4359020030,6.0,7.3,9.0,22.3
4359020032,5.7,6.7,9.0,21.4
4359020033,7.1,7.1,9.5,23.7
4359020038,,,,
4359030002,,,,
4359030003,,,,
4359030013,,,,
4359030011,,,,
4359030005,,,,
4359030006,,,,
4359030007,,,,
4359030008,,,,
4359030009,,,,
